Galaxy name	RAJ2000 (deg)	DEJ2000 (deg)	D25 semi-major axis (arcmin)	D25 semi-minor axis (arcmin)	D25 positional angle, North-to-Northeast (deg)	Inclination angle (deg)	Luminosity distance (Mpc)	logSFR_HEC	logM_HEC	mean_exposure_Hr
UGC00092	2.508291	28.210111	0.481	0.352	79.8	44.87	15.2055	-1.228	9.2305	17.61
UGC00313	7.858833	6.20675	0.601	0.354	14.9	55.93	15.2757	-1.316	9.0369	16.38
NGC0145	7.940624	-5.152708	0.881	0.714	116.3	40.09	14.9968	-0.44	9.4395	17.62
NGC0278	13.017917	47.550528	1.178	1.178	0.0	12.76	11.8577	0.238	10.2508	18.15
NGC0337	14.958512	-7.578018	1.459	1.459	0.0	50.6	19.0631	0.268	10.118	10.79
PGC003853	16.270312	-6.212375	2.118	1.567	56.7	42.98	11.521	-1.169	9.6569	12.53
NGC0428	18.232224	0.981531	1.409	1.04	114.3	47.89	12.3548	-0.734	9.6605	14.29
UGC01104	23.177208	18.317083	0.592	0.371	0.5	59.0	11.273	-2.043	8.6113	19.37
UGC01198	27.323292	85.260194	0.449	0.364	70.0	53.34	19.9526	-0.363	9.458	231.04
IC0167	27.785625	21.912806	0.802	0.468	107.4	56.0	20.7054	-0.739	9.1784	18.05
NGC0864	33.864879	6.002224	1.862	1.285	21.5	47.58	16.389	-0.149	10.2487	15.48
IC0225	36.617832	1.160516	0.505	0.448	157.8	38.53	20.893	-0.912	9.0816	17.92
NGC0963	37.630365	-4.215489	0.398	0.398	0.0	10.37	19.9343	-1.163	9.3056	14.33
NGC1042	40.099913	-8.433591	1.945	1.069	5.5	58.13	9.256	-0.876	9.6547	18.15
NGC1036	40.120855	19.297017	0.701	0.516	3.3	45.39	12.3514	-0.919	9.149	16.01
NGC1068	40.669729	-0.013278	3.055	2.553	72.7	34.7	10.4135	1.253	10.9508	18.3
NGC1084	41.499655	-7.578582	1.698	1.127	39.9	49.9	19.9095	0.803	10.6569	12.73
NGC1087	41.604876	-0.498664	1.486	0.902	8.9	54.13	14.2885	0.19	10.064	15.96
PGC010768	42.582251	19.112028	0.236	0.201	150.0	35.28	11.3763	-1.943	8.4176	17.94
NGC1159	45.193833	43.162528	0.238	0.201	115.0	33.16	19.3197	-0.464	9.2831	12.93
UGC02689	50.3655	40.801639	0.555	0.421	126.8	47.74	4.8438	-2.342	8.4732	17.41
PGC012793	51.324542	41.902556	0.262	0.138	174.5	59.9	1.943	-3.634	7.0877	24.0
UGC02773	53.03033	47.794058	0.537	0.422	130.5	42.98	4.4055	-1.499	8.6124	21.74
IC0356	61.945416	69.812417	2.009	2.009	0.0	22.4	20.4431	0.479	11.4363	49.71
NGC1637	70.367458	-2.857917	1.588	1.371	20.6	31.1	12.3695	-0.1	10.2259	11.84
UGC03574	103.293541	57.17775	0.74	0.74	0.0	21.85	19.5914	-0.806	9.5957	31.85
NGC2537	123.311287	45.990122	1.035	1.035	0.0	20.87	9.0365	-0.85	9.4592	19.65
NGC2541	123.66717	49.061624	1.51	0.8	169.9	59.55	11.9234	-0.894	9.3476	24.01
UGC04314	124.740603	58.262737	0.502	0.369	177.9	48.31	19.0168	-1.544	8.9061	32.55
UGC04393	126.518238	45.967615	0.796	0.527	50.3	49.86	13.5933	-0.977	9.009	23.22
NGC2681	133.38633	51.313765	1.986	1.986	0.0	0.0	16.4958	-0.098	10.692	28.24
NGC2750	136.44968	25.43749	1.016	0.728	81.5	45.41	11.2155	-0.556	9.4616	20.05
PGC026326	139.717562	50.187877	0.337	0.292	75.2	43.47	12.7582	-2.04	8.3959	28.01
PGC026462	140.276667	70.698306	0.308	0.251	35.0	47.04	17.1748	-0.32	9.3914	34.41
UGC05151	145.112572	48.337665	0.33	0.28	15.8	35.59	15.1152	-1.075	8.9664	21.34
NGC3049	148.706706	9.271404	1.054	0.608	27.8	58.02	18.9111	-0.307	9.8008	13.84
IC2520	149.083804	27.227612	0.439	0.37	56.7	35.28	19.7059	-0.122	9.6692	17.72
NGC3077	150.828609	68.73411	2.606	2.158	48.7	34.78	3.8046	-0.954	9.3864	46.78
PGC029198	151.036375	6.510487	0.22	0.143	175.2	56.63	10.5196	-2.312	7.94	6.43
NGC3057	151.413632	80.285686	0.723	0.458	8.0	58.32	17.0993	-1.03	9.0068	101.41
NGC3166	153.440411	3.424825	2.249	1.422	87.2	56.17	19.5333	0.077	10.9284	11.25
UGC05588	155.238074	25.364921	0.277	0.19	40.5	47.9	20.3932	-0.558	9.4398	16.8
NGC3239	156.270305	17.163701	1.807	1.807	0.0	46.77	8.0538	-0.969	8.7568	17.94
PGC030770	156.923086	24.271664	0.268	0.233	47.5	33.0	19.6355	-1.774	8.1645	17.64
UGC05720	158.132847	54.401041	0.571	0.429	129.3	46.74	15.417	-0.278	9.4352	29.46
UGC05832	160.70197	13.459861	0.547	0.376	90.4	48.29	18.6209	-0.995	9.0036	15.98
NGC3353	161.343312	55.960365	0.679	0.489	75.7	45.47	18.1134	-0.082	9.4534	30.1
NGC3359	161.65347	63.224151	2.037	1.416	167.4	47.16	19.7722	0.223	10.3745	27.47
NGC3395	162.458791	32.982833	0.8	0.444	40.5	57.84	19.6407	-1.04	9.7966	15.84
PGC032455	162.529014	16.297835	0.431	0.232	113.8	58.99	2.6948	-2.49	7.3638	15.49
NGC3418	162.849784	28.112021	0.552	0.469	76.9	34.41	20.258	-0.796	9.7244	12.4
PGC032664	163.202681	0.034526	0.251	0.18	67.9	49.88	20.797	-1.346	8.6154	16.05
PGC032843	163.935207	17.005011	0.313	0.313	0.0	26.5	18.5534	-1.375	8.6844	16.06
NGC3504	165.796792	27.972307	1.239	1.239	0.0	26.38	13.5519	0.342	10.1856	17.45
NGC3507	165.855792	18.135333	1.459	1.253	93.2	31.88	14.7425	-0.685	10.2144	14.97
IC0676	168.165926	9.055782	0.923	0.653	0.1	51.39	20.0447	-0.076	9.9552	13.53
PGC034439	169.25126	50.584781	0.379	0.329	42.4	34.35	16.9232	-1.726	8.4747	28.35
PGC034522	169.491825	17.441354	0.446	0.391	156.8	35.73	13.8404	-2.071	8.9661	13.98
UGC06320	169.571857	18.847079	0.673	0.673	0.0	21.98	18.611	-0.599	9.3032	17.1
NGC3675	171.534275	43.586489	2.951	1.637	178.3	59.52	15.4792	0.379	10.8683	23.54
NGC3686	171.933141	17.224116	1.452	1.107	19.2	41.7	18.2477	-0.052	10.3406	14.98
NGC3726	173.338209	47.029083	2.825	1.849	14.2	50.47	13.9402	0.037	10.4085	21.76
NGC3738	173.953333	54.524444	1.132	0.813	156.4	50.0	4.9278	-1.671	8.7845	29.01
PGC036066	174.648627	57.8742	0.25	0.194	153.6	43.86	18.2653	-1.216	7.6207	24.69
UGC06628	175.027811	45.942918	1.069	0.927	79.8	33.19	16.9824	-1.205	8.4788	25.68
NGC3810	175.244841	11.471119	1.675	1.143	28.5	48.22	16.1984	0.393	10.469	17.85
PGC036653	176.40395	31.29957	0.397	0.234	22.8	58.76	16.0694	-0.493	9.0701	17.3
NGC3870	176.48585	50.199801	0.521	0.373	22.5	49.69	12.484	-0.957	9.0955	27.96
NGC3893	177.159112	48.710766	1.346	0.714	160.9	59.88	17.3812	0.469	10.5546	24.1
NGC3896	177.234706	48.674771	0.708	0.441	128.4	55.43	17.9366	-1.144	9.0791	26.3
UGC06805	177.551105	42.074632	0.305	0.232	121.1	45.24	20.1038	-0.865	9.2502	23.24
NGC3913	177.662241	55.353889	0.822	0.698	151.5	32.42	16.9824	-1.049	9.372	23.75
NGC3931	177.806015	52.000865	0.566	0.445	156.9	47.46	17.872	-1.179	9.494	15.53
NGC3930	177.941022	38.014949	1.33	0.988	38.1	43.01	12.6744	-1.241	8.9626	18.56
NGC3928	177.94848	48.683144	0.684	0.684	0.0	27.97	15.6577	-0.428	9.7506	25.97
NGC3949	178.423842	47.858768	1.13	0.667	116.4	56.03	18.6889	0.364	10.3324	25.97
IC0745	178.55113	0.136644	0.389	0.389	0.0	15.41	18.8273	-0.429	9.4025	18.11
NGC3985	179.175534	48.333948	0.562	0.368	67.3	56.21	16.6797	-0.589	9.5332	23.5
UGC06923	179.206623	53.160346	0.477	0.346	174.2	49.32	16.708	-1.168	9.147	12.46
UGC06930	179.322396	49.283283	0.706	0.634	23.3	26.54	16.9824	-0.731	9.2252	11.55
PGC037779	179.890897	13.887412	0.405	0.261	39.9	57.15	11.324	-2.043	8.1199	18.22
NGC4037	180.348663	13.401019	1.188	1.188	0.0	21.9	17.2187	-1.032	9.6588	18.14
PGC038113	180.899907	16.0555	0.328	0.203	105.9	54.61	17.5047	-0.921	9.2431	13.68
PGC038277	181.316013	30.855591	0.315	0.258	161.2	39.11	12.7057	-1.447	8.464	17.19
PGC038286	181.347111	28.36575	0.318	0.173	50.4	58.32	11.3747	-2.316	8.0138	17.06
NGC4123	182.046336	2.878302	1.588	1.159	125.4	44.26	17.4857	0.073	10.2363	11.96
UGC07129	182.229486	41.740859	0.577	0.39	73.1	50.41	11.4371	-0.64	9.1275	19.45
NGC4136	182.323779	29.927657	1.172	1.172	0.0	22.02	9.6828	-1.067	9.48	10.05
NGC4151	182.636002	39.405794	1.439	1.107	50.0	42.0	7.7928	-0.303	10.0618	15.37
NGC4150	182.640252	30.401578	0.993	0.664	147.8	58.11	13.6166	-0.835	9.9037	16.3
PGC039006	183.362471	50.710395	0.313	0.211	160.8	50.0	2.6207	-2.701	7.3797	17.84
IC3065	183.802374	14.43285	0.622	0.44	178.9	53.93	16.3911	-1.816	9.2813	15.02
NGC4204	183.810376	20.658714	2.028	2.028	0.0	0.0	7.8705	-1.461	8.2856	18.22
NGC4212	183.913876	13.901575	1.399	0.845	73.6	54.56	17.1018	0.151	10.3469	17.62
NGC4218	183.943281	48.131	0.513	0.329	134.9	53.04	14.283	-0.918	9.1952	15.52
IC3077	183.984722	14.432927	0.537	0.367	179.3	47.89	9.1201	-1.884	8.0768	14.95
NGC4237	184.297597	15.323903	1.094	0.705	105.4	51.75	19.6665	-0.037	10.3915	17.51
IC3120	184.563851	13.749113	0.317	0.269	133.6	34.54	16.0991	-1.686	7.9387	16.33
NGC4254	184.706731	14.416792	2.518	2.518	0.0	20.13	14.0614	0.689	10.7552	15.31
PGC039655	184.842173	5.910499	0.367	0.203	164.3	57.71	17.8474	-1.278	8.8008	14.78
NGC4278	185.028264	29.28064	1.445	1.445	0.0	15.59	15.5787	-1.054	10.7551	17.07
NGC4282	185.101221	5.572856	0.442	0.281	99.7	57.1	17.4978	-1.064	9.4404	5.88
NGC4288	185.158929	46.291708	0.851	0.674	137.7	42.14	20.8526	-0.733	9.3511	25.66
PGC039904	185.297146	17.638618	0.33	0.178	58.3	58.66	16.9824	-1.352	8.6936	17.68
NGC4293	185.303964	18.382999	3.119	1.858	72.0	59.33	14.3348	-0.24	10.6049	14.98
PGC040015	185.490777	2.345078	0.255	0.255	0.0	26.26	16.9824	-0.94	8.8583	14.51
NGC4306	185.517102	12.787496	0.746	0.53	142.4	53.3	17.9283	-1.689	9.5247	16.49
NGC4303A	185.613404	4.566273	0.568	0.568	0.0	16.0	17.6486	-0.949	9.2426	13.87
NGC4321	185.728667	15.822249	3.048	3.048	0.0	24.0	15.4182	0.639	10.9713	15.1
IC3267	186.02305	7.041326	0.605	0.605	0.0	15.13	17.6349	-0.786	9.3432	7.5
PGC040365	186.091779	13.028343	0.256	0.256	0.0	18.45	4.0694	-2.238	9.0447	12.74
IC3292	186.201524	18.195103	0.547	0.408	133.8	51.16	15.7551	-2.048	8.894	7.73
NGC4370	186.228848	7.444701	0.809	0.531	79.3	53.41	20.6063	-0.584	10.1356	17.17
NGC4374	186.26544	12.887109	3.707	3.221	133.4	39.61	17.7249	-0.987	11.2392	17.8
NGC4384	186.299697	54.506199	0.637	0.494	84.9	41.69	19.9525	-0.325	9.678	30.28
NGC4390	186.461103	10.459049	0.76	0.564	99.0	43.28	19.0414	-0.753	9.6574	18.43
IC3328	186.491231	10.053756	0.439	0.439	0.0	26.02	16.9153	-1.862	9.1728	14.53
NGC4405	186.529729	16.180965	0.762	0.512	20.6	52.57	18.5982	-0.488	10.0238	18.78
NGC4414	186.612942	31.223514	0.975	0.561	162.3	56.58	17.6155	0.778	10.9442	16.0
PGC040707	186.63836	12.743011	0.271	0.271	0.0	29.47	17.6799	-2.058	8.8285	13.72
NGC4415	186.668666	8.435683	0.641	0.565	6.1	31.3	15.6635	-1.676	9.5569	18.05
NGC4416	186.694584	7.91885	0.785	0.687	112.2	29.37	17.7307	-0.721	9.3423	18.12
NGC4411B	186.696671	8.88459	0.962	0.962	0.0	27.27	17.656	-1.087	9.4398	18.06
NGC4441	186.83484	64.801538	2.065	1.479	171.3	50.3	19.3089	-0.317	9.7971	35.07
NGC4430	186.859668	6.262971	1.012	0.75	74.7	43.81	16.1181	-0.728	9.9054	17.64
UGC07580	186.978478	8.090424	0.337	0.265	45.6	51.71	16.0145	-2.054	9.0135	5.28
NGC4450	187.122983	17.084899	2.729	1.888	172.7	48.76	14.9634	-0.707	10.7617	18.25
PGC041090	187.22895	9.42112	0.212	0.152	23.1	52.49	17.5702	-1.894	8.1926	18.53
NGC4457	187.245915	3.570599	1.396	1.183	78.5	34.65	17.378	-0.097	10.6	17.27
NGC4467	187.376091	7.99288	0.297	0.244	55.2	49.63	16.6665	-1.896	9.4789	15.98
PGC041180	187.395787	8.05798	0.167	0.167	0.0	42.0	16.293	-2.222	8.7172	11.54
NGC4470	187.407519	7.82411	0.641	0.432	1.1	50.58	15.0324	-0.57	9.5356	17.48
NGC4486B	187.633218	12.490193	0.19	0.19	0.0	19.65	16.2988	-1.511	9.6539	16.5
NGC4486	187.706364	12.390519	3.556	3.556	0.0	26.43	16.123	-1.175	11.3209	17.88
IC0797	187.978236	15.123922	0.55	0.375	105.2	47.96	14.2633	-1.005	9.218	13.43
PGC041507	187.982395	8.602231	0.2	0.181	80.9	29.46	17.5586	-2.122	8.3355	6.0
NGC4506	188.043786	13.419623	0.815	0.556	107.3	50.61	17.0412	-0.856	9.5906	17.75
IC3468	188.059213	10.251462	0.641	0.577	170.2	35.84	15.6341	-1.958	9.4135	9.21
NGC4504	188.072696	-7.563389	1.622	1.005	156.2	52.91	17.5759	-0.512	9.9214	18.19
IC3470	188.097426	11.262954	0.476	0.476	0.0	7.63	16.0758	-1.885	9.1987	11.86
IC0798	188.139215	15.415401	0.452	0.452	0.0	21.09	16.0119	-2.112	8.9925	11.08
IC3478	188.184185	14.196178	0.455	0.405	119.9	31.66	19.3218	-1.743	9.2368	14.95
NGC4509	188.276993	32.090927	0.334	0.183	161.0	59.79	10.0925	-1.394	8.0281	17.48
IC3483	188.291916	11.347617	0.435	0.274	177.0	53.44	15.8212	-1.622	9.0085	17.46
NGC4523	188.45047	15.168444	0.622	0.622	0.0	25.12	16.8267	-1.151	9.0724	16.62
IC3501	188.465059	13.322488	0.464	0.464	0.0	33.05	16.3073	-1.851	9.1592	18.24
IC0800	188.486163	15.354724	0.753	0.551	151.0	44.14	14.9425	-1.26	9.3152	16.25
IC3540	188.863424	12.750265	0.439	0.394	68.1	30.04	17.3434	-1.531	9.1987	14.13
PGC041959	188.905198	12.382034	0.28	0.28	0.0	23.65	15.4719	-2.096	8.9728	18.66
NGC4561	189.033922	19.322671	0.659	0.562	61.2	35.15	17.7983	-0.622	9.4808	18.37
PGC042068	189.145602	8.05469	0.55	0.352	30.1	57.61	7.5162	-2.271	8.1037	11.69
NGC4571	189.234897	14.217351	1.782	1.782	0.0	22.13	14.771	-0.806	10.1862	15.84
NGC4579	189.431379	11.818135	2.506	1.919	90.2	41.86	17.0653	0.212	11.1006	16.09
NGC4595	189.966162	15.297731	0.762	0.483	109.9	52.63	13.4473	-0.971	9.4777	18.27
NGC4600	190.095729	3.117716	0.71	0.503	59.2	52.71	8.2427	-1.997	9.1374	16.51
NGC4618	190.386985	41.150939	1.782	1.143	32.5	57.57	6.628	-0.96	9.4088	17.28
NGC4625	190.469647	41.27387	0.703	0.703	0.0	46.12	11.7206	-0.862	9.4707	23.46
PGC042609	190.477541	9.58463	0.396	0.344	48.9	33.88	19.2593	-1.835	8.8293	11.68
IC0809	190.536105	11.75429	0.485	0.485	0.0	28.8	16.05	-1.715	9.4249	11.21
PGC042673	190.588602	2.066666	0.296	0.251	168.7	37.39	17.6681	-1.557	8.6307	12.44
NGC4630	190.629699	3.959765	0.832	0.604	10.2	49.15	16.4437	-0.364	9.7084	8.83
NGC4635	190.663477	19.945466	0.97	0.7	175.4	44.64	16.2891	-1.095	9.3694	14.43
PGC042748	190.734705	3.676582	0.372	0.332	126.1	35.88	17.5238	-1.701	9.3269	16.43
NGC4641	190.781982	12.051081	0.64	0.525	172.3	40.57	20.0888	-1.116	9.3907	13.2
PGC042772	190.779666	32.490694	0.137	0.11	150.0	41.08	17.4142	-1.642	8.4254	17.52
NGC4643	190.833783	1.978481	1.119	0.875	131.7	42.86	20.5205	-0.86	10.89	16.51
NGC4647	190.8857	11.582125	1.374	1.18	138.7	31.58	16.508	0.087	10.4466	10.55
NGC4670	191.321594	27.125522	0.485	0.414	90.2	33.67	11.0154	-0.818	9.152	19.99
PGC043051	191.518446	8.476259	0.287	0.287	0.0	25.53	9.8175	-2.162	8.096	16.96
PGC043121	191.730849	26.564248	0.332	0.236	25.1	58.97	11.0154	-1.501	8.3197	3.04
UGC07950	191.736096	51.613373	0.647	0.514	176.1	42.02	8.9536	-2.105	8.2868	15.75
NGC4689	191.93992	13.762633	1.91	1.432	162.6	42.54	16.659	-0.117	10.4897	16.79
NGC4691	192.056948	-3.33282	1.531	1.247	17.4	38.45	18.2074	0.451	10.3361	9.4
NGC4701	192.298292	3.388745	0.869	0.641	38.9	43.29	17.8733	-0.274	9.813	6.3
NGC4713	192.490988	5.311338	0.83	0.83	0.0	23.78	15.1204	-0.269	9.6503	17.2
PGC043864	193.507835	-1.508327	0.284	0.229	13.6	54.28	17.5861	-1.616	8.9221	14.58
PGC043940	193.673381	2.104104	0.431	0.328	30.0	52.1	17.4366	-1.337	9.0852	9.36
UGC08041	193.802644	0.116599	1.592	0.957	168.3	54.01	15.1446	-1.078	8.7967	17.92
NGC4900	195.163311	2.501062	1.064	1.064	0.0	18.98	17.2982	0.064	10.2516	17.28
NGC4904	195.244342	-0.027573	0.995	0.621	7.2	52.65	17.944	-0.199	9.939	12.28
NGC4941	196.054666	-5.551611	1.679	1.377	21.5	36.6	20.7217	-0.167	10.5768	18.18
PGC045858	198.07359	26.686102	0.441	0.253	110.0	56.15	18.7932	-1.195	9.284	19.5
NGC5058	199.217894	12.548308	0.378	0.282	12.9	46.96	17.5525	-1.021	9.1355	11.6
PGC046335	199.540932	57.975471	0.212	0.176	62.3	50.21	4.1411	-3.451	7.4146	34.25
NGC5204	202.4024	58.420383	2.249	1.412	5.5	58.83	4.7886	-1.458	8.7884	31.67
NGC5238	203.677099	51.613678	0.875	0.721	161.7	38.54	4.4981	-2.515	6.5585	17.36
NGC5248	204.38342	8.885176	2.037	1.191	119.6	56.38	13.3756	0.431	10.6186	18.08
PGC048501	205.485462	30.519358	0.164	0.135	29.0	38.31	18.2882	-1.281	7.9043	17.06
NGC5300	207.066859	3.950877	1.416	0.92	146.8	50.83	18.6439	-0.676	9.9693	8.69
NGC5363	209.030166	5.254694	2.084	1.377	133.3	53.69	16.5959	-0.516	10.8972	18.03
NGC5434	210.84645	9.448021	0.738	0.738	0.0	20.21	3.8019	-1.876	8.132	18.3
UGC08986	211.066069	4.112138	0.609	0.609	0.0	12.54	20.1046	-1.775	9.3176	17.54
NGC5474	211.256274	53.662267	1.197	0.783	99.7	50.21	6.9107	-1.27	9.1162	30.64
NGC5585	214.95081	56.729389	2.133	1.309	33.3	53.12	8.1017	-1.372	9.248	29.82
NGC5569	215.133768	3.9832	0.557	0.435	56.3	39.35	17.378	-1.306	8.784	12.98
NGC5645	217.663975	7.275089	1.009	0.544	84.7	58.58	16.2472	-0.457	9.7385	17.25
NGC5692	219.575478	3.410309	0.477	0.298	35.5	53.43	20.5116	-0.457	9.6408	12.54
PGC052966	222.51155	52.406262	0.283	0.22	8.3	43.87	16.2088	-1.683	8.3867	24.82
UGC09661	225.514689	1.8411	0.521	0.47	139.2	28.46	20.3163	-1.181	9.1029	17.69
NGC5921	230.485344	5.070632	1.51	1.016	136.5	49.45	15.6466	-0.213	10.3812	14.34
PGC055616	234.267447	55.26393	0.14	0.12	142.1	33.9	15.7553	-1.317	8.1892	30.02
PGC057169	241.670829	6.580971	0.394	0.283	144.4	50.03	20.4174	-1.571	8.4765	3.85
NGC6140	245.241185	65.390168	1.045	0.889	83.3	32.25	18.5353	-0.391	9.8704	39.46
NGC6232	250.834292	70.632528	0.733	0.579	176.0	40.36	18.0302	-1.037	9.6092	29.41
UGC10985	267.018471	14.741381	0.64	0.414	109.8	57.07	16.3682	-0.789	9.3608	18.43
PGC060931	267.386001	55.508081	0.368	0.292	147.0	38.08	20.3837	-1.304	8.8254	32.66
UGC11466	295.744833	45.298111	0.741	0.446	34.8	55.12	15.0863	-0.021	9.8072	21.0
NGC6951	309.308682	66.105682	1.596	1.047	149.3	50.84	17.2797	0.536	10.8179	42.59
PGC065330	311.417604	28.177289	0.315	0.186	52.0	55.23	19.6139	-1.43	8.7963	17.15
PGC066806	322.024584	8.625833	0.251	0.162	2.5	50.91	3.9472	-2.987	7.681	16.16
UGC11868	329.769584	18.177472	0.995	0.995	0.0	25.55	18.7973	-1.375	8.6018	15.9
NGC7320	339.014202	33.948158	1.276	0.701	132.3	57.95	16.286	-0.891	9.4456	21.07
NGC7406	343.484404	-6.57913	0.462	0.462	0.0	47.25	17.9473	-0.351	9.566	14.98
UGC12639	352.612542	30.221861	0.483	0.312	1.9	52.12	17.4582	-0.783	9.2426	17.57
NGC7741	355.976855	26.075473	1.815	1.191	161.0	50.14	13.9255	-0.464	9.6652	19.82
PGC083348	162.270221	12.407371	0.155	0.122	173.5	39.08	20.7085	-1.666	8.2412	18.77
PGC089985	68.2025	29.499389	0.406	0.239	141.0	55.09	16.7494	0.667	10.1628	18.2
PGC093597	162.804246	28.006226	0.317	0.256	6.4	53.71	19.5614	-2.186	8.888	17.59
PGC101479	194.805461	34.936336	0.182	0.144	79.9	56.37	17.9444	-1.703	8.008	21.91
PGC166411	27.3705	55.565083	0.171	0.116	30.0	48.77	13.5531	-1.205	7.9565	19.06
PGC1018807	124.47704	-7.448603	0.245	0.186	73.5	41.47	1.3124	-3.916	6.9018	13.55
PGC1024261	22.457583	-7.111083	0.213	0.141	108.0	49.72	19.881	-1.854	8.6305	18.97
PGC1072376	162.253414	-3.358431	0.169	0.169	0.0	56.49	3.6851	-2.931	6.9457	12.3
PGC1076608	43.941874	-3.095333	0.126	0.109	161.0	29.96	0.983	-3.875	5.5744	18.89
PGC1098596	152.465817	-2.210972	0.135	0.089	101.0	49.72	1.8028	-3.931	5.5459	17.24
PGC1122842	226.672048	-1.26537	0.175	0.14	101.8	38.37	2.2966	-3.061	6.9919	12.5
PGC1140345	161.75595	-0.5612	0.135	0.081	11.0	54.21	2.2364	-3.978	6.9601	16.42
PGC1147898	317.956123	-0.25697	0.153	0.153	0.0	37.31	2.3462	-3.023	6.3637	7.31
PGC1159076	43.702163	0.178975	0.116	0.098	139.6	33.21	1.2719	-3.87	5.7254	9.87
PGC1172508	168.157982	0.678384	0.148	0.126	93.0	32.24	2.9045	-3.75	6.3322	16.85
PGC1185153	170.614614	1.119538	0.158	0.115	119.0	44.48	2.9953	-3.349	6.3508	8.36
PGC1185732	176.785227	1.139417	0.126	0.077	144.0	53.14	3.4327	-3.447	7.4496	10.36
PGC1189106	169.377362	1.25006	0.158	0.129	71.0	36.3	2.2187	-3.635	7.4757	16.5
PGC1197251	129.39163	1.515804	0.133	0.084	106.8	53.94	3.1279	-3.124	7.0303	6.09
PGC1263558	168.480063	4.105199	0.21	0.157	134.4	47.26	20.3236	-1.866	7.8411	17.19
PGC1277883	140.14465	5.084031	0.199	0.141	17.1	45.82	1.0818	-4.394	6.2921	14.37
PGC1279440	186.862377	5.187938	0.158	0.132	9.8	37.64	17.6253	-1.87	7.4898	17.59
PGC1291407	144.877786	5.922142	0.133	0.088	93.0	49.72	2.6444	-3.203	6.7298	13.21
PGC1308051	192.092526	6.816143	0.124	0.104	133.3	34.35	3.448	-3.522	6.5107	17.98
PGC1309283	176.734071	6.877636	0.169	0.104	12.3	53.14	2.4596	-3.47	6.6049	18.05
PGC1319696	225.874361	7.349044	0.134	0.113	117.2	32.97	3.8827	-3.12	6.8188	18.7
PGC1353180	200.993259	8.759057	0.157	0.124	42.2	38.13	3.8786	-3.131	6.2989	12.64
PGC1382031	179.691672	10.614432	0.197	0.123	76.6	52.61	2.8877	-3.275	6.7712	7.64
PGC1400945	179.381239	11.924497	0.145	0.107	144.6	43.64	2.9828	-3.343	6.8603	18.64
PGC1408268	218.742833	12.367215	0.171	0.126	174.2	43.56	2.7457	-3.547	7.0036	18.94
PGC1421948	211.659323	13.059371	0.173	0.131	112.6	41.47	3.1777	-2.86	6.3929	4.9
PGC1431845	120.564791	13.471419	0.132	0.089	165.0	48.49	1.1363	-3.943	5.4806	10.7
PGC1438155	121.842558	13.70461	0.119	0.072	128.0	54.21	3.9764	-3.475	6.4834	17.02
PGC1457381	125.703054	14.411197	0.137	0.109	65.6	38.13	1.547	-4.03	6.1947	13.69
PGC1458456	29.685474	14.45211	0.167	0.099	28.8	55.07	1.2447	-3.601	6.2212	13.93
PGC1466120	180.062302	14.747552	0.136	0.101	149.0	42.48	3.154	-2.934	6.8681	18.27
PGC1495467	174.234035	15.880185	0.144	0.144	0.0	25.12	2.6772	-3.698	6.8092	11.39
PGC1514594	239.453744	16.687073	0.187	0.131	41.5	46.73	4.0188	-2.552	7.0899	17.22
PGC1525610	119.580849	17.141626	0.108	0.078	124.8	45.07	1.7126	-4.031	5.5591	17.4
PGC1530472	122.573646	17.341627	0.101	0.101	0.0	25.47	1.5537	-3.917	5.7432	4.18
PGC1542712	120.604291	17.824815	0.112	0.112	0.0	37.41	1.607	-3.902	5.77	11.51
PGC1546014	117.465733	17.946806	0.151	0.127	4.2	33.37	1.9336	-3.882	6.9455	19.49
PGC1547136	130.924605	17.988163	0.143	0.118	127.1	35.23	1.769	-3.462	6.3099	19.2
PGC1659838	176.387168	21.915687	0.144	0.107	21.5	42.53	4.1874	-3.231	6.3324	14.87
PGC1672707	207.306608	22.589863	0.176	0.157	85.6	29.9	17.9195	-2.302	8.0584	13.29
PGC1679813	118.272279	23.009211	0.132	0.1	173.2	41.47	2.5343	-3.483	6.5467	8.24
PGC1687001	157.95713	23.41742	0.156	0.123	133.7	42.31	19.5063	-1.737	8.2832	17.13
PGC1694314	152.371107	23.819825	0.257	0.178	97.9	47.04	3.6851	-2.382	7.5592	18.55
PGC1695322	152.783891	23.87523	0.237	0.182	156.4	46.72	20.5474	-1.839	8.5219	14.14
PGC1715136	174.372864	24.741823	0.136	0.121	152.4	27.43	3.9694	-2.842	7.0467	14.43
PGC1724473	171.827964	25.067297	0.191	0.111	142.8	55.77	2.6055	-2.981	6.9315	19.91
PGC1758552	246.718438	25.997752	0.152	0.12	149.4	38.51	4.0543	-3.113	7.5122	6.47
PGC1785176	210.792248	26.689402	0.122	0.074	112.4	54.21	3.9743	-3.586	6.5285	20.12
PGC1795712	239.327362	27.026405	0.237	0.164	83.3	47.32	4.0679	-3.01	7.3209	18.61
PGC1798414	124.853542	27.123397	0.164	0.126	114.7	41.02	1.7027	-3.304	6.6912	21.06
PGC1811934	124.282094	27.568664	0.147	0.081	125.0	57.8	2.4615	-2.897	7.0463	17.56
PGC1812371	244.628092	27.583536	0.167	0.133	125.0	37.91	4.2103	-2.955	7.1788	16.36
PGC1871876	233.548531	29.609589	0.238	0.212	115.9	27.45	4.4447	-2.545	7.5155	18.15
PGC1874400	202.657575	29.683452	0.12	0.12	0.0	26.22	3.6518	-2.721	6.901	17.44
PGC1886977	201.383666	30.018636	0.131	0.09	143.3	47.74	4.0258	-3.507	6.8105	17.58
PGC1917813	228.578969	30.783012	0.104	0.104	0.0	18.44	3.8103	-3.157	6.6298	16.34
PGC1917922	248.515177	30.785878	0.17	0.17	0.0	12.45	2.8162	-3.376	6.7155	17.38
PGC1918395	165.764339	30.796074	0.15	0.128	19.6	46.02	4.6779	-2.752	6.71	15.17
PGC1923444	200.328318	30.913001	0.121	0.099	30.5	36.3	3.9745	-3.309	6.9309	16.96
PGC1932567	230.636293	31.119771	0.117	0.089	82.0	40.77	2.4261	-3.572	6.1107	10.86
PGC1955747	239.399518	31.615513	0.147	0.147	0.0	17.55	3.3776	-3.294	6.9612	17.52
PGC1963229	178.04922	31.764244	0.123	0.104	130.0	33.31	3.3243	-3.222	6.6386	15.84
PGC1992015	258.839625	32.3345	0.177	0.177	0.0	27.45	4.2545	-3.384	7.3541	15.17
PGC2017400	238.037171	32.921135	0.122	0.084	51.1	47.2	4.1138	-3.327	7.2106	16.99
PGC2043954	218.736737	34.107977	0.167	0.095	117.3	56.53	3.549	-2.661	7.0213	22.01
PGC2056505	185.567756	34.911485	0.124	0.103	7.2	34.17	3.8851	-2.981	7.0282	22.0
PGC2140269	230.162225	38.948646	0.207	0.151	40.7	43.91	3.1408	-2.998	7.2414	19.66
PGC2185706	111.489454	41.718776	0.132	0.132	0.0	32.43	1.6414	-3.592	5.6424	13.51
PGC2230983	207.774911	43.864004	0.104	0.085	14.6	35.9	4.261	-3.332	6.9705	17.86
PGC2245249	212.711337	44.480518	0.112	0.112	0.0	20.52	3.8741	-2.858	6.7912	17.28
PGC2308426	184.38342	47.995202	0.275	0.2	177.4	48.87	14.885	-2.151	8.2157	16.22
PGC2314534	210.896199	48.301175	0.116	0.094	11.0	36.31	4.2483	-3.312	7.1691	24.85
PGC2327676	124.861293	48.870808	0.11	0.091	70.6	34.35	3.2752	-3.539	6.7843	18.13
PGC2330680	142.751967	48.993128	0.155	0.155	0.0	26.55	3.7298	-3.093	6.8583	26.65
PGC2333578	208.318813	49.103394	0.153	0.134	87.2	29.33	4.2372	-3.393	7.1353	23.64
PGC2349239	126.036111	49.648537	0.163	0.124	151.2	40.96	3.4633	-2.878	6.5334	19.02
PGC2356938	175.883522	49.904235	0.115	0.094	39.0	35.42	4.3341	-3.384	6.2127	22.7
PGC2364843	138.452554	50.164838	0.12	0.074	40.1	52.93	2.9943	-2.69	6.8532	28.06
PGC2374774	118.11951	50.499468	0.126	0.091	128.0	44.48	3.2031	-3.267	6.5356	28.54
PGC2397637	227.05132	51.65043	0.126	0.111	114.5	28.66	3.7564	-3.616	6.4581	26.8
PGC2426029	227.628905	52.877555	0.189	0.134	36.5	45.87	4.0769	-3.059	7.1404	30.86
PGC2469453	131.593755	54.432178	0.114	0.095	59.8	34.6	3.2828	-3.735	6.5837	31.48
PGC2481858	130.589112	54.8343	0.114	0.114	0.0	44.63	4.037	-3.488	6.3976	31.69
PGC2492054	180.458864	55.145057	0.312	0.253	99.9	52.98	19.3353	-1.672	8.2475	24.23
PGC2561873	173.850741	57.278799	0.171	0.13	121.5	41.47	3.9266	-3.408	6.9049	29.34
PGC2816013	186.272527	61.153113	0.323	0.268	135.9	37.77	15.5318	-1.338	8.265	37.53
PGC3087333	196.382741	50.306711	0.238	0.201	151.9	32.86	3.7496	-3.444	7.3861	20.07
PGC3088794	233.355892	33.547402	0.187	0.141	18.4	41.56	4.1706	-2.905	7.0269	11.12
PGC3089529	239.033261	25.066269	0.191	0.191	0.0	21.22	4.2367	-2.621	7.5973	18.87
PGC3290480	175.516948	-1.271903	0.133	0.082	172.1	53.32	1.8589	-3.656	5.6626	8.72
2MASXJ07383683+4557446	114.653347	45.962485	0.072	0.059	124.2	35.6	3.4097	-2.768	6.913	21.51
2MASXJ08115779+1618298	122.990782	16.308259	0.244	0.213	103.3	29.99	1.3161	-3.464	6.3674	10.09
2MASXJ08244812+1847352	126.200475	18.793321	0.247	0.151	54.8	53.37	2.6257	-3.227	6.647	16.92
2MASXJ08293978+4223525	127.415808	42.39804	0.094	0.069	152.2	43.45	2.5436	-3.443	6.3865	24.78
2MASXJ09013736+2223400	135.405527	22.394583	0.138	0.078	124.7	57.16	2.3914	-3.052	6.5404	19.35
2MASXJ09063513+5314170	136.646459	53.238051	0.149	0.149	0.0	25.16	2.8801	-3.389	6.4868	29.67
2MASXJ09194324+2704405	139.930086	27.077909	0.11	0.093	33.2	32.97	3.0386	-3.141	6.7079	19.46
2MASXJ10233975+6204124	155.915738	62.07013	0.079	0.079	0.0	16.71	4.2478	-3.547	7.0222	13.61
2MASXJ10422184+4747254	160.59114	47.790189	0.113	0.063	63.1	57.16	3.7384	-2.961	6.9419	23.55
2MASXJ11535151-0223104	178.464768	-2.386236	0.074	0.059	54.8	38.01	1.5139	-3.607	6.124	16.62
2MASXJ12154983+2749367	183.95788	27.826819	0.294	0.213	79.3	44.48	3.7715	-3.194	7.5351	3.82
2MASXJ12573462+3213340	194.394334	32.226157	0.065	0.055	15.1	33.78	3.566	-3.242	6.7976	11.63
2MASXJ13185482+1045453	199.728371	10.762547	0.066	0.066	0.0	21.41	3.6165	-3.51	7.1111	12.02
2MASXJ13220220+0333178	200.509138	3.555054	0.101	0.091	2.8	26.06	2.6518	-3.635	6.7197	17.32
2MASXJ13405082+2625119	205.211524	26.420045	0.097	0.097	0.0	22.78	3.6934	-3.443	7.0273	15.97
2MASXJ13535595+2633550	208.48329	26.565284	0.145	0.08	99.8	57.84	4.2471	-2.824	6.9683	6.65
2MASXJ14390055+2209230	219.75218	22.15647	0.109	0.09	132.7	35.56	4.3097	-3.123	6.8768	11.27
2MASXJ14590859+0311248	224.785933	3.190256	0.177	0.148	78.8	33.52	3.4463	-2.978	6.8345	11.34
2MASXJ15052513+3651563	226.35478	36.86586	0.191	0.144	174.0	41.87	4.1239	-3.722	7.2988	22.93
2MASXJ15361146+3314516	234.0477	33.247634	0.069	0.069	0.0	18.87	4.2999	-3.405	6.9441	17.74
2MASXJ15403221+2722258	235.134394	27.373941	0.114	0.081	165.3	45.35	3.8928	-3.072	6.9662	6.9
2MASXJ16153083+2812428	243.878649	28.211921	0.157	0.1	131.8	51.89	4.1657	-3.067	7.0414	10.63
2MASXJ16340492+2324399	248.520578	23.411082	0.242	0.242	0.0	21.61	3.5701	-3.062	6.9902	12.02
SDSSJ072547.14+403249.5	111.446454	40.547144	0.147	0.082	46.6	57.78	3.1319	-3.494	6.2467	11.22
SDSSJ083741.39+273221.5	129.422502	27.53941	0.116	0.088	144.9	41.03	2.6761	-3.627	6.0677	17.71
SDSSJ085226.81+142502.8	133.111845	14.417507	0.11	0.073	97.8	49.13	1.5669	-4.187	5.71	13.43
SDSSJ085436.69+180552.9	133.652986	18.098028	0.099	0.099	0.0	19.79	1.666	-3.705	5.6105	16.06
SDSSJ085446.95+300333.0	133.695762	30.059218	0.145	0.094	112.4	50.6	2.6313	-3.501	5.8603	17.81
SDSSJ090417.97+043227.3	136.074723	4.540923	0.106	0.076	93.2	45.39	1.2842	-4.123	6.1776	13.92
SDSSJ092958.79+490213.5	142.495081	49.037153	0.158	0.139	42.9	28.92	3.8638	-3.002	6.3463	26.74
SDSSJ100149.80+032816.6	150.457674	3.471414	0.087	0.051	44.5	55.09	2.5834	-3.258	6.2113	15.01
SDSSJ101003.09+503959.8	152.512887	50.666541	0.153	0.122	149.7	37.99	1.6876	-3.853	5.3318	22.72
SDSSJ101220.20+265243.8	153.084371	26.878925	0.122	0.085	86.5	47.08	3.39	-3.514	6.5439	9.3
SDSSJ101742.38+513629.5	154.426663	51.60816	0.091	0.069	23.8	41.73	3.8971	-3.104	6.8667	17.73
SDSSJ103617.97+450402.7	159.074921	45.067391	0.143	0.106	49.3	43.02	3.4083	-3.226	6.6652	21.82
SDSSJ103707.65+464228.1	159.282018	46.707866	0.121	0.072	30.5	54.8	2.6457	-3.423	5.6634	26.09
SDSSJ105131.18+170640.1	162.8799	17.111169	0.112	0.071	42.3	51.89	2.42	-3.912	6.6939	19.11
SDSSJ112136.91+403040.6	170.403926	40.511304	0.099	0.072	137.8	44.11	4.1123	-3.396	6.2353	22.59
SDSSJ112354.76+352136.2	170.978358	35.36014	0.107	0.065	12.5	53.33	3.6679	-3.308	6.7207	21.66
SDSSJ112843.27+131145.6	172.180432	13.196157	0.103	0.065	79.2	52.22	3.8054	-3.522	6.5386	10.0
SDSSJ113143.27+400453.6	172.930167	40.081541	0.103	0.072	41.0	46.11	3.8326	-3.413	6.6446	23.74
SDSSJ113255.39+301141.9	173.230797	30.194952	0.109	0.067	162.3	53.73	3.5953	-3.572	6.5059	11.15
SDSSJ113624.49+125417.4	174.102245	12.904989	0.145	0.131	38.9	26.21	3.2678	-2.963	6.4913	18.61
SDSSJ115312.49+620936.5	178.301915	62.160248	0.094	0.069	39.3	43.2	2.7298	-3.804	5.9216	6.76
SDSSJ115459.78+455806.3	178.749042	45.968499	0.229	0.19	80.0	34.5	4.3398	-3.317	6.0992	25.23
SDSSJ115938.49+383241.1	179.91047	38.544782	0.153	0.108	70.6	46.27	3.947	-3.494	6.8803	22.57
SDSSJ122607.93+590604.7	186.533202	59.101444	0.086	0.07	19.3	36.35	4.3683	-3.455	6.7914	33.29
SDSSJ122810.45+292156.1	187.043479	29.365572	0.085	0.064	56.2	41.61	2.1684	-3.849	5.8025	11.58
SDSSJ125536.37+280413.1	193.90144	28.070343	0.135	0.081	162.7	54.59	4.4793	-3.095	6.2765	15.63
SDSSJ125958.83+680331.0	194.995114	68.058683	0.163	0.123	51.6	43.53	4.5301	-2.864	6.9259	39.21
SDSSJ132427.69+420625.2	201.115399	42.107155	0.183	0.139	1.0	41.36	3.6026	-3.146	6.9474	21.55
SDSSJ132510.66+602557.8	201.294308	60.432651	0.119	0.106	26.6	27.46	4.2144	-3.122	7.5195	29.35
SDSSJ133405.86+341118.0	203.524503	34.188468	0.098	0.067	109.5	48.26	3.8262	-3.421	6.9949	19.48
SDSSJ135544.14+581618.6	208.934073	58.271816	0.119	0.119	0.0	24.89	4.0937	-3.295	6.6196	28.8
SDSSJ140859.18+485204.5	212.246522	48.867939	0.092	0.054	107.9	55.94	3.5685	-3.242	6.305	6.54
SDSSJ141446.78+522545.0	213.694935	52.429287	0.094	0.073	90.4	39.98	3.2108	-3.615	6.0534	26.38
SDSSJ142407.06+261229.2	216.029466	26.208219	0.1	0.077	146.7	40.56	3.204	-3.723	6.7185	17.66
SDSSJ142626.12+351922.3	216.608779	35.322809	0.091	0.08	7.5	28.88	3.7447	-3.154	6.7164	22.16
SDSSJ142801.28+273207.7	217.005219	27.53557	0.131	0.084	168.6	51.53	2.0496	-3.73	5.5731	17.48
SDSSJ143716.49+392356.5	219.318606	39.39896	0.111	0.06	91.3	58.86	4.2885	-3.283	6.8737	14.89
SDSSJ143725.39+033938.6	219.355863	3.660769	0.086	0.065	14.8	41.12	3.5997	-3.561	6.3115	16.63
SDSSJ143854.60+114249.0	219.7275	11.713628	0.114	0.065	69.6	56.56	3.7609	-3.171	6.5015	10.27
SDSSJ144355.90+440353.8	220.983007	44.065034	0.093	0.058	93.0	52.1	4.1135	-3.352	6.4804	19.58
SDSSJ144628.97+025752.6	221.620898	2.964715	0.105	0.059	110.2	57.28	3.2536	-3.329	6.478	17.38
SDSSJ144802.13+450659.9	222.009015	45.116672	0.088	0.064	108.6	43.99	4.2753	-3.067	7.0363	25.89
SDSSJ144826.57+040433.9	222.110733	4.076116	0.142	0.087	175.7	53.6	3.3137	-3.549	6.1945	17.38
SDSSJ145035.21+342902.1	222.646786	34.483922	0.137	0.076	165.7	58.0	4.2698	-3.231	6.7361	22.14
SDSSJ145047.69+405633.1	222.69883	40.942488	0.087	0.072	95.2	34.57	3.9298	-3.792	6.6615	17.69
SDSSJ145430.96-014412.1	223.62912	-1.736714	0.088	0.066	107.5	41.73	2.1021	-3.104	6.4153	18.21
SDSSJ151135.49+373126.6	227.898209	37.52405	0.096	0.079	82.3	35.02	3.1996	-2.939	6.3095	8.0
SDSSJ151827.84+075315.1	229.61618	7.88753	0.228	0.228	0.0	23.93	3.3234	-3.016	7.0133	18.3
SDSSJ152154.71+085442.3	230.478151	8.911753	0.165	0.165	0.0	24.08	3.6559	-3.627	6.9056	18.25
SDSSJ152917.62-001832.6	232.323285	-0.309128	0.108	0.062	56.0	55.97	3.7423	-3.228	6.493	13.03
SDSSJ153701.48+254847.2	234.25619	25.813059	0.174	0.106	104.6	53.58	3.1971	-3.311	6.3402	20.1
SDSSJ154451.64+235935.9	236.215255	23.993336	0.089	0.059	51.5	49.54	3.7756	-3.448	6.3567	10.72
SDSSJ154457.67+214315.8	236.240184	21.72119	0.097	0.06	79.2	53.29	3.9923	-3.563	6.3032	6.17
SDSSJ154549.53+075950.6	236.456306	7.997482	0.085	0.064	48.6	42.46	3.4008	-3.532	6.8864	12.64
SDSSJ160254.79+354620.9	240.728312	35.772403	0.13	0.087	20.1	49.05	4.1888	-2.968	7.1023	17.79
SDSSJ160922.21+072408.4	242.342717	7.402375	0.106	0.057	92.1	58.85	3.9128	-2.83	6.5994	16.95
SDSSJ161005.46+194620.9	242.522749	19.772495	0.097	0.065	160.9	48.77	3.8153	-3.529	5.9813	19.67
SDSSJ161751.86+440916.2	244.46601	44.154474	0.088	0.074	103.0	33.01	3.4742	-3.453	6.2835	2.85
SDSSJ162631.40+314439.2	246.630852	31.744479	0.095	0.095	0.0	17.44	3.8911	-3.497	7.3378	13.23
SDSSJ162800.10+234618.7	247.00036	23.771759	0.099	0.057	130.3	56.22	2.6903	-3.638	5.8807	18.66
SDSSJ163129.05+203738.8	247.871127	20.627539	0.093	0.06	62.1	50.6	3.7521	-3.624	6.574	19.77
SDSSJ163244.45+204903.2	248.185326	20.817587	0.096	0.081	96.1	33.54	3.951	-3.181	6.145	6.93
SDSSJ163535.84+300746.7	248.89947	30.12955	0.114	0.102	63.7	27.79	3.8097	-3.217	6.8996	11.01
SDSSJ164105.80+280509.1	250.27425	28.085772	0.147	0.087	120.3	54.78	3.8126	-3.039	6.3913	5.83
SDSSJ165143.90+360951.3	252.932919	36.16425	0.105	0.072	33.3	47.77	1.6858	-3.656	5.4732	16.65
SDSSJ171001.82+603514.8	257.507694	60.587415	0.115	0.093	104.1	36.76	3.9903	-3.837	6.706	34.98
SDSSJ172348.99+272730.7	260.954172	27.458676	0.099	0.099	0.0	16.23	4.2541	-3.649	6.768	17.87
SDSSJ172513.33+622913.5	261.305566	62.487131	0.118	0.077	84.6	50.19	4.4758	-3.379	6.7269	20.67
SDSSJ085449.69+180323.3	133.706973	18.05644	0.096	0.068	52.7	45.56	1.411	-3.621	5.5957	18.23
SDSSJ110341.25+154636.7	165.922069	15.77683	0.194	0.151	54.6	39.54	2.789	-3.024	6.1241	18.11
SDSSJ162612.89+380518.2	246.55392	38.088308	0.083	0.057	156.6	47.76	4.259	-3.598	7.2322	22.69
SDSSJ092104.78+382717.6	140.26985	38.454977	0.097	0.081	86.2	33.51	2.946	-3.711	6.271	22.91
SDSSJ144317.13+291403.2	220.821537	29.234111	0.083	0.065	175.7	39.3	3.7497	-3.27	6.835	17.98
SDSSJ082140.85+562901.1	125.420329	56.483728	0.08	0.063	74.3	38.67	3.0699	-3.625	6.0884	23.8
SDSSJ095520.33+270906.2	148.834815	27.151797	0.07	0.058	129.8	34.12	2.4269	-3.546	6.2091	20.44
SDSSJ163526.20+152140.9	248.859354	15.3614	0.08	0.059	36.9	43.47	3.1982	-3.644	6.2472	9.13
SDSSJ162859.02+143211.9	247.245772	14.536633	0.08	0.08	0.0	17.59	2.7103	-3.417	6.0989	6.2
SDSSJ123720.94+152219.9	189.337333	15.372354	0.06	0.053	6.9	28.35	3.1053	-3.421	6.1269	15.36
SDSSJ160004.29+422112.9	240.018013	42.353677	0.082	0.066	131.5	37.22	3.8774	-3.601	6.6453	24.42
SDSSJ115147.15+574908.2	177.946652	57.818922	0.077	0.077	0.0	22.82	3.0504	-3.759	6.2488	5.06
SDSSJ135713.42+343909.8	209.306107	34.652661	0.081	0.06	133.5	43.08	3.3828	-3.683	6.3261	11.54
SDSSJ150246.85+335918.2	225.695305	33.988366	0.067	0.055	178.7	35.54	4.2336	-3.546	7.0526	17.47
SDSSJ084333.19+243357.6	130.888157	24.566129	0.081	0.068	113.9	34.15	2.0178	-3.879	5.7227	20.05
SDSSJ084008.34+490337.9	130.03488	49.060706	0.065	0.056	25.6	32.3	3.2448	-3.721	6.39	25.06
SDSSJ100939.20+391319.8	152.413447	39.222254	0.086	0.073	52.0	32.87	3.1488	-2.881	6.2304	21.81
SDSSJ083623.73+142347.4	129.098772	14.396628	0.103	0.069	129.3	49.27	1.5674	-3.853	5.6255	15.25
SDSSJ102146.92+200751.6	155.445555	20.131167	0.072	0.063	125.3	29.22	2.7652	-3.707	6.2396	13.81
SDSSJ085551.01+131043.8	133.962744	13.178835	0.153	0.129	98.8	33.34	1.5815	-4.143	5.8865	12.18
SDSSJ080627.57+441832.1	121.615087	44.308984	0.075	0.075	0.0	25.5	3.3359	-3.583	6.5821	25.63
SDSSJ155630.36+061834.7	239.126637	6.309794	0.068	0.058	94.2	30.79	2.9832	-3.393	6.0057	18.17
SDSSJ033027.28-055702.9	52.613601	-5.950898	0.074	0.062	92.5	34.13	0.8886	-4.263	5.0755	7.99
SDSSJ082539.46+494127.4	126.414416	49.691026	0.081	0.081	0.0	14.36	2.8644	-3.814	6.2982	25.49
SDSSJ171144.82+614550.3	257.936838	61.764047	0.071	0.058	132.9	35.64	4.5107	-3.734	6.5919	34.64
SDSSJ153254.71+080128.2	233.227877	8.02443	0.071	0.053	130.8	42.39	3.2881	-3.604	6.3315	10.89
SDSSJ143838.40+131355.2	219.659931	13.23204	0.068	0.055	34.8	35.77	3.3183	-3.418	6.4477	15.68
SDSSJ144628.00+334611.7	221.616782	33.769973	0.075	0.066	55.5	30.01	4.1633	-3.316	6.1355	15.82
SDSSJ152727.52-005302.3	231.86463	-0.883938	0.076	0.065	159.0	31.95	2.5264	-3.961	6.0513	10.96
SDSSJ150601.92-014435.3	226.508196	-1.74298	0.063	0.063	0.0	23.21	4.4353	-3.4	6.5991	18.36
SDSSJ214427.79+004022.5	326.115914	0.672989	0.079	0.051	45.9	50.82	1.0847	-4.332	5.5467	15.28
SDSSJ140537.88+110603.6	211.408046	11.101136	0.081	0.068	136.4	33.93	3.4245	-3.749	6.2214	6.52
SDSSJ125711.90+514038.3	194.299553	51.67725	0.083	0.072	59.1	30.37	4.2927	-3.176	6.4018	25.98
SDSSJ104549.66+493344.9	161.457011	49.562588	0.08	0.06	99.7	42.21	3.6735	-3.283	6.8848	11.53
SDSSJ143055.25+462152.4	217.73028	46.364515	0.072	0.065	178.1	27.05	3.2976	-3.028	6.586	23.88
SDSSJ162654.95+310420.9	246.729156	31.072592	0.068	0.068	0.0	18.37	4.006	-3.515	6.2954	8.35
SDSSJ141504.46+500848.4	213.768672	50.146962	0.058	0.037	162.7	52.38	4.166	-3.356	6.566	27.59
SDSSJ140510.89+524833.1	211.295411	52.809301	0.11	0.11	0.0	17.44	4.1018	-3.285	7.1376	25.0
SDSSJ143306.25+301123.9	218.276019	30.189755	0.078	0.07	11.4	26.2	3.8765	-3.496	7.2947	8.14
SDSSJ100734.38+120428.8	151.893461	12.074717	0.147	0.113	2.8	40.52	1.9521	-3.891	5.7053	8.64
SDSSJ153231.38+393613.6	233.130713	39.603827	0.076	0.076	0.0	24.81	4.2231	-3.696	6.7884	23.09
SDSSJ152337.65+223122.2	230.906979	22.522923	0.117	0.082	72.5	46.38	4.0121	-3.444	7.0631	16.9
SDSSJ160737.31+180000.5	241.905474	18.000245	0.107	0.068	115.2	51.83	3.62	-2.971	6.2623	19.13
SDSSJ113753.88+365405.4	174.474577	36.901503	0.093	0.052	109.9	57.7	3.5356	-3.347	6.8433	22.39
SDSSJ124210.99+332124.5	190.545867	33.356982	0.092	0.064	154.3	46.42	3.6085	-3.602	6.6624	17.18
SDSSJ095342.62+563027.3	148.427447	56.507635	0.081	0.069	105.0	31.17	3.5942	-3.387	6.4318	24.97
SDSSJ211025.92-072146.6	317.608027	-7.362986	0.074	0.074	0.0	39.97	1.4265	-4.16	5.4584	5.9
SDSSJ143754.99+014736.9	219.479118	1.793592	0.066	0.066	0.0	10.58	3.7227	-3.373	6.5446	16.34
SDSSJ135643.18-014209.6	209.179854	-1.702665	0.058	0.047	37.4	36.14	2.449	-3.853	6.2491	18.29
SDSSJ160800.41+200541.0	242.001611	20.094846	0.138	0.138	0.0	24.6	3.754	-2.772	6.4687	15.01
SDSSJ100333.46+112946.8	150.889603	11.49652	0.094	0.056	158.7	54.31	2.1285	-3.646	6.0063	16.71
SDSSJ103848.06+142045.7	159.70014	14.346203	0.172	0.116	178.4	48.5	2.1242	-3.694	6.4516	18.62
SDSSJ161653.31+151646.8	244.222185	15.279669	0.18	0.123	82.7	47.89	2.7588	-3.121	6.9195	17.32
SDSSJ095523.59+342202.2	148.848297	34.367357	0.166	0.139	117.8	33.7	3.3674	-2.978	7.3034	11.52
SDSSJ143902.72+240707.1	219.761533	24.118815	0.139	0.088	114.9	51.98	4.054	-3.336	6.7349	19.5
SDSSJ170006.57+222454.0	255.027348	22.414947	0.079	0.059	72.0	42.33	4.1657	-3.395	6.7688	20.08
SDSSJ155739.47+340037.3	239.414483	34.010468	0.127	0.127	0.0	13.54	3.8872	-3.26	6.3147	20.48
SDSSJ145219.18+404415.2	223.080084	40.737632	0.113	0.086	153.2	41.9	3.3843	-3.612	6.5732	18.85
SDSSJ095153.34+330012.9	147.972296	33.003632	0.12	0.106	124.4	28.79	3.0855	-3.135	6.535	13.64
SDSSJ093741.13+204218.0	144.421481	20.7052	0.07	0.07	0.0	25.44	1.7711	-3.854	5.7827	19.5
SDSSJ115130.69+110339.9	177.878028	11.0611	0.085	0.066	102.9	40.05	1.7025	-3.664	5.7402	13.77
SDSSJ075833.55+391315.0	119.639755	39.220813	0.087	0.055	169.5	51.64	2.2256	-3.741	5.8979	23.69
SDSSJ163759.08+444436.9	249.496472	44.743621	0.091	0.081	80.9	27.32	4.5908	-3.134	6.8827	25.04
SDSSJ074045.95+375407.5	115.191717	37.901999	0.062	0.05	34.2	36.58	2.9495	-3.627	6.9107	11.6
SDSSJ131522.44+461604.2	198.843471	46.267886	0.16	0.138	44.7	30.81	4.0803	-3.341	6.9829	25.13
SDSSJ112342.61+551941.1	170.927717	55.328268	0.142	0.121	141.5	32.18	3.8617	-3.052	6.2311	27.28
SDSSJ111731.73+413226.9	169.382357	41.540964	0.119	0.079	175.2	49.41	3.7889	-3.368	5.8981	18.16
SDSSJ093940.52+343252.4	144.919137	34.548039	0.063	0.047	100.9	42.92	3.2111	-3.098	6.3293	21.11
SDSSJ130923.79+112210.0	197.349116	11.369452	0.067	0.041	21.1	52.79	2.5636	-3.816	6.3265	18.03
SDSSJ100428.14+373215.8	151.117272	37.537764	0.145	0.127	55.4	29.12	3.1118	-2.991	7.3904	2.63
SDSSJ144452.42+061259.9	221.218472	6.216599	0.064	0.064	0.0	24.54	3.1059	-3.75	6.589	17.5
SDSSJ151806.55+504910.0	229.527351	50.819523	0.067	0.067	0.0	51.94	4.5821	-3.698	7.0111	19.6
SDSSJ154850.72+195048.4	237.211229	19.846771	0.086	0.086	0.0	27.79	3.5694	-3.415	6.3108	18.11
SDSSJ102953.53+103212.5	157.473093	10.536868	0.073	0.073	0.0	33.09	1.8765	-3.575	6.3472	15.61
SDSSJ083043.20+311126.4	127.680106	31.190689	0.126	0.126	0.0	50.96	2.7372	-3.478	6.3513	16.74
SDSSJ152846.97+413425.9	232.19571	41.57386	0.07	0.07	0.0	29.31	4.2254	-3.128	6.3792	23.72
SDSSJ075055.91+410505.6	117.732963	41.084841	0.088	0.068	99.9	40.28	2.6673	-3.856	7.0707	17.21
SDSSJ075906.01+123859.6	119.775117	12.649925	0.083	0.072	106.9	30.34	1.3581	-4.063	6.3624	8.75
SDSSJ153401.72+035505.9	233.507258	3.918256	0.079	0.064	103.2	36.5	3.5487	-3.118	6.3178	9.4
SDSSJ232138.68-093230.2	350.41141	-9.541899	0.083	0.057	125.3	47.13	1.4375	-3.956	6.068	8.64
SDSSJ013957.75-084355.4	24.990692	-8.732056	0.073	0.073	0.0	7.01	1.0551	-4.257	6.7514	13.89
SDSSJ145920.58+321929.3	224.835834	32.324838	0.084	0.084	0.0	12.79	4.2578	-3.308	7.9428	7.03
SDSSJ092404.01+091129.9	141.01659	9.191624	0.061	0.044	118.7	45.07	1.4756	-4.314	6.2489	2.45
SDSSJ095049.05+191635.5	147.704319	19.276482	0.062	0.054	45.6	30.14	2.3218	-3.894	6.5795	16.89
SDSSJ093621.84+455240.9	144.091032	45.877989	0.074	0.054	148.3	44.13	3.5645	-3.65	6.9229	25.35
SDSSJ105040.48+575750.2	162.668784	57.964101	0.062	0.049	121.6	38.22	4.1311	-3.444	7.6173	34.23
SDSSJ160357.35+074822.9	240.988873	7.806375	0.068	0.059	150.8	30.48	3.7376	-3.395	7.7717	18.44
SDSSJ141649.75+360010.0	214.207336	36.002757	0.073	0.073	0.0	24.44	4.2204	-3.243	7.7599	17.58
SDSSJ134550.38+141102.3	206.459848	14.183936	0.078	0.078	0.0	15.7	3.592	-3.263	6.6227	14.71
SDSSJ113543.63+501200.6	173.931871	50.200135	0.079	0.06	141.1	41.42	4.252	-2.806	7.0088	28.09
SDSSJ163204.88+210238.4	248.020487	21.044058	0.075	0.057	131.1	42.14	4.1786	-3.445	6.8133	19.28
SDSSJ204644.30-001411.2	311.684483	-0.236607	0.059	0.059	0.0	24.27	2.9644	-3.575	6.0357	8.74
SDSSJ092814.58+084251.7	142.060726	8.714553	0.153	0.127	178.2	34.52	2.2569	-3.664	6.4015	9.76
SDSSJ100323.78+262553.0	150.84914	26.431404	0.069	0.052	121.1	41.74	3.0196	-3.486	6.3268	13.76
