"Galaxy name" "RAJ2000 (deg)" "DEJ2000 (deg)" "D25 semi-major axis (arcmin)" "D25 semi-minor axis (arcmin)" "D25 positional angle, North-to-Northeast (deg)" "Inclination angle (deg)" "Luminosity distance (Mpc)" logSFR_HEC logM_HEC mean_exposure_Hr
UGC00092 2.508291 28.210111 0.481 0.352 79.8 44.87 15.2055 -1.228 9.2305 17.61
UGC00132 3.503208 12.963861 0.661 0.215 15.8 90.0 20.4322 -1.696 8.7558 5.29
NGC0100 6.012109 16.486812 1.774 0.244 55.5 90.0 18.5017 -1.275 9.5165 18.29
UGC00313 7.858833 6.20675 0.601 0.354 14.9 55.93 15.2757 -1.316 9.0369 16.38
NGC0145 7.940624 -5.152708 0.881 0.714 116.3 40.09 14.9968 -0.44 9.4395 17.62
NGC0157 8.694936 -8.396496 1.849 0.951 34.5 61.75 15.5467 0.447 10.5417 16.28
NGC0278 13.017917 47.550528 1.178 1.178 0.0 12.76 11.8577 0.238 10.2508 18.15
NGC0337 14.958512 -7.578018 1.459 1.459 0.0 50.6 19.0631 0.268 10.118 10.79
PGC003853 16.270312 -6.212375 2.118 1.567 56.7 42.98 11.521 -1.169 9.6569 12.53
NGC0428 18.232224 0.981531 1.409 1.04 114.3 47.89 12.3548 -0.734 9.6605 14.29
UGC01038 21.947083 43.251861 0.195 0.091 17.0 76.5 20.1324 -2.262 8.1556 10.97
UGC01104 23.177208 18.317083 0.592 0.371 0.5 59.0 11.273 -2.043 8.6113 19.37
PGC006228 25.279625 -5.568111 0.953 0.361 77.4 90.0 19.437 -1.194 9.3984 15.29
NGC0660 25.759989 13.645228 2.285 0.843 12.9 78.77 13.7833 0.788 10.5751 18.86
IC1727 26.874554 27.333006 3.258 1.222 150.3 90.0 7.3866 -1.682 8.8505 16.42
NGC0672 26.97477 27.431978 3.507 1.355 68.6 69.64 7.4242 -0.933 9.5669 15.73
UGC01198 27.323292 85.260194 0.449 0.364 70.0 53.34 19.9526 -0.363 9.458 231.04
NGC0693 27.628612 6.145155 1.054 0.544 106.0 66.69 18.9563 0.041 10.0951 18.69
IC0167 27.785625 21.912806 0.802 0.468 107.4 56.0 20.7054 -0.739 9.1784 18.05
NGC0755 29.094442 -9.061352 1.435 0.449 52.4 78.06 19.6831 -0.456 9.7478 14.36
NGC0779 29.927647 -5.964168 0.674 0.284 160.5 69.8 19.5725 -0.365 10.5881 9.58
NGC0855 33.514987 27.876901 1.469 0.541 67.0 90.0 9.0276 -1.215 9.2092 15.98
NGC0864 33.864879 6.002224 1.862 1.285 21.5 47.58 16.389 -0.149 10.2487 15.48
IC0225 36.617832 1.160516 0.505 0.448 157.8 38.53 20.893 -0.912 9.0816 17.92
NGC0963 37.630365 -4.215489 0.398 0.398 0.0 10.37 19.9343 -1.163 9.3056 14.33
NGC0949 37.702931 37.136594 1.552 0.674 144.4 68.3 10.288 -0.721 9.5911 23.18
NGC0959 38.099633 35.494624 0.935 0.556 66.8 62.28 10.9834 -1.073 9.4675 22.11
NGC0988 38.865498 -9.35595 2.163 0.855 119.6 69.06 15.7119 -0.303 10.8232 17.74
NGC1012 39.812334 30.151667 1.052 0.526 23.5 67.99 16.2395 -0.238 9.9156 10.8
NGC1042 40.099913 -8.433591 1.945 1.069 5.5 58.13 9.256 -0.876 9.6547 18.15
NGC1036 40.120855 19.297017 0.701 0.516 3.3 45.39 12.3514 -0.919 9.149 16.01
NGC1052 40.269844 -8.255811 1.472 1.042 112.7 70.11 19.1995 -0.454 10.817 9.01
NGC1055 40.438378 0.443422 3.459 1.766 103.9 62.73 18.8551 0.791 10.9212 14.96
UGC02172 40.545125 43.355083 0.782 0.471 40.9 61.41 9.2897 -1.883 8.2188 23.68
NGC1068 40.669729 -0.013278 3.055 2.553 72.7 34.7 10.4135 1.253 10.9508 18.3
NGC1084 41.499655 -7.578582 1.698 1.127 39.9 49.9 19.9095 0.803 10.6569 12.73
NGC1087 41.604876 -0.498664 1.486 0.902 8.9 54.13 14.2885 0.19 10.064 15.96
PGC010768 42.582251 19.112028 0.236 0.201 150.0 35.28 11.3763 -1.943 8.4176 17.94
NGC1159 45.193833 43.162528 0.238 0.201 115.0 33.16 19.3197 -0.464 9.2831 12.93
PGC012188 49.259501 3.649444 0.356 0.206 175.0 "" 12.4531 -1.075 9.0511 3.95
UGC02689 50.3655 40.801639 0.555 0.421 126.8 47.74 4.8438 -2.342 8.4732 17.41
PGC012793 51.324542 41.902556 0.262 0.138 174.5 59.9 1.943 -3.634 7.0877 24.0
NGC1337 52.024791 -8.388417 2.483 0.656 150.4 78.6 13.9613 -0.94 9.8334 17.3
UGC02773 53.03033 47.794058 0.537 0.422 130.5 42.98 4.4055 -1.499 8.6124 21.74
IC0356 61.945416 69.812417 2.009 2.009 0.0 22.4 20.4431 0.479 11.4363 49.71
NGC1637 70.367458 -2.857917 1.588 1.371 20.6 31.1 12.3695 -0.1 10.2259 11.84
UGC03257 80.435583 84.482278 0.668 0.301 156.8 70.82 15.6655 -1.028 9.3047 168.01
UGC03343 86.352626 72.356222 0.959 0.322 79.5 76.08 13.5622 -0.951 9.3747 58.02
PGC017738 86.3955 73.609028 0.405 0.196 50.0 90.0 19.2536 -0.935 9.2906 59.59
PGC018096 88.927484 3.391717 0.563 0.248 165.0 "" 10.3276 -0.442 8.3208 16.15
PGC018855 95.232159 -8.495589 1.315 0.503 85.7 69.96 11.3875 0.12 10.0184 18.36
NGC2146A 95.980029 78.530014 1.358 0.548 31.8 68.96 20.3347 -0.704 9.6765 88.12
UGC03574 103.293541 57.17775 0.74 0.74 0.0 21.85 19.5914 -0.806 9.5957 31.85
NGC2366 112.225277 69.214964 2.183 0.719 30.5 90.0 3.278 -1.712 8.014 42.64
PGC021812 116.882615 51.191614 0.427 0.209 124.2 73.53 8.4534 -2.155 7.9629 20.21
PGC021882 117.290685 55.60462 0.333 0.119 84.3 71.71 20.1181 -0.741 9.3172 32.55
UGC04238 122.903126 76.421722 0.869 0.354 80.5 67.82 17.4416 -1.049 9.3116 66.02
NGC2537 123.311287 45.990122 1.035 1.035 0.0 20.87 9.0365 -0.85 9.4592 19.65
NGC2541 123.66717 49.061624 1.51 0.8 169.9 59.55 11.9234 -0.894 9.3476 24.01
UGC04314 124.740603 58.262737 0.502 0.369 177.9 48.31 19.0168 -1.544 8.9061 32.55
UGC04393 126.518238 45.967615 0.796 0.527 50.3 49.86 13.5933 -0.977 9.009 23.22
NGC2608 128.821582 28.473466 0.977 0.476 64.5 64.32 20.6075 -0.186 10.1284 14.16
NGC2591 129.35637 78.026413 1.476 0.322 33.0 82.85 20.1108 -0.254 10.0212 82.21
PGC024936 133.222848 51.39656 0.53 0.294 72.9 90.0 12.2535 -1.986 7.6713 26.43
NGC2681 133.38633 51.313765 1.986 1.986 0.0 0.0 16.4958 -0.098 10.692 28.24
NGC2685 133.8946 58.734394 2.163 1.156 38.0 68.4 13.2647 -1.44 10.1346 34.22
NGC2750 136.44968 25.43749 1.016 0.728 81.5 45.41 11.2155 -0.556 9.4616 20.05
NGC2748 138.429291 76.475333 1.3 0.557 38.7 68.13 19.4414 0.258 10.319 52.13
PGC026326 139.717562 50.187877 0.337 0.292 75.2 43.47 12.7582 -2.04 8.3959 28.01
NGC2787 139.826811 69.203306 1.618 0.904 113.5 66.12 7.4173 -1.636 10.0661 49.24
PGC026462 140.276667 70.698306 0.308 0.251 35.0 47.04 17.1748 -0.32 9.3914 34.41
NGC2841 140.511066 50.976618 3.451 1.656 147.0 65.32 14.513 -0.032 11.1295 26.09
UGC05083 143.080734 0.315959 0.601 0.125 74.0 90.0 16.7994 -1.447 9.061 12.42
UGC05151 145.112572 48.337665 0.33 0.28 15.8 35.59 15.1152 -1.075 8.9664 21.34
NGC2976 146.814611 67.916263 2.884 1.503 143.0 60.48 3.5601 -0.934 9.3241 45.59
NGC3049 148.706706 9.271404 1.054 0.608 27.8 58.02 18.9111 -0.307 9.8008 13.84
NGC3027 148.918917 72.203625 1.675 0.634 128.4 69.91 17.1585 -0.665 9.365 42.21
IC2520 149.083804 27.227612 0.439 0.37 56.7 35.28 19.7059 -0.122 9.6692 17.72
NGC3067 149.587874 32.36989 1.028 0.329 104.1 81.55 20.3323 0.332 10.3115 11.17
NGC3077 150.828609 68.73411 2.606 2.158 48.7 34.78 3.8046 -0.954 9.3864 46.78
PGC029198 151.036375 6.510487 0.22 0.143 175.2 56.63 10.5196 -2.312 7.94 6.43
NGC3057 151.413632 80.285686 0.723 0.458 8.0 58.32 17.0993 -1.03 9.0068 101.41
PGC029756 153.219953 22.722008 0.34 0.166 114.5 64.62 20.0 -1.324 8.7537 5.3
NGC3166 153.440411 3.424825 2.249 1.422 87.2 56.17 19.5333 0.077 10.9284 11.25
PGC029990 154.065167 41.166403 0.464 0.176 66.7 90.0 10.5686 -2.05 8.2497 21.05
PGC030061 154.415386 22.809388 0.426 0.195 168.9 70.36 18.9539 -1.29 9.159 17.48
NGC3198 154.978848 45.549724 3.228 0.92 30.3 77.84 14.3922 0.037 10.4354 24.24
UGC05588 155.238074 25.364921 0.277 0.19 40.5 47.9 20.3932 -0.558 9.4398 16.8
NGC3206 155.448228 56.93041 1.151 0.583 7.5 61.14 18.7311 -0.71 9.3151 18.23
NGC3239 156.270305 17.163701 1.807 1.807 0.0 46.77 8.0538 -0.969 8.7568 17.94
PGC030770 156.923086 24.271664 0.268 0.233 47.5 33.0 19.6355 -1.774 8.1645 17.64
NGC3274 158.07183 27.668788 0.813 0.405 93.4 61.59 13.3678 -0.953 9.1861 14.46
UGC05720 158.132847 54.401041 0.571 0.429 129.3 46.74 15.417 -0.278 9.4352 29.46
NGC3252 158.596384 73.765013 0.937 0.332 36.2 90.0 20.8893 -0.594 9.7678 64.33
NGC3287 158.697075 21.648271 0.891 0.425 17.6 75.31 15.3986 -0.495 9.6934 18.57
NGC3319 159.789455 41.686761 1.815 0.883 37.7 62.67 13.6493 -1.029 9.4738 22.79
UGC05832 160.70197 13.459861 0.547 0.376 90.4 48.29 18.6209 -0.995 9.0036 15.98
UGC05833 160.77498 20.42226 0.597 0.211 148.5 90.0 20.5971 -0.785 9.4136 9.68
PGC032049 161.151788 21.666247 0.45 0.239 36.3 65.94 18.9171 -1.655 8.9069 18.06
NGC3353 161.343312 55.960365 0.679 0.489 75.7 45.47 18.1134 -0.082 9.4534 30.1
NGC3365 161.552466 1.813303 2.018 0.343 159.5 90.0 17.1458 -0.556 9.7187 16.1
NGC3359 161.65347 63.224151 2.037 1.416 167.4 47.16 19.7722 0.223 10.3745 27.47
NGC3389 162.11636 12.533163 1.34 0.592 103.9 66.16 20.0592 -0.009 10.0538 13.01
PGC032348 162.223904 14.124514 0.42 0.29 66.8 62.54 8.8206 -2.284 7.8523 6.38
UGC05923 162.281538 6.917337 0.433 0.191 171.2 72.46 16.6725 -1.177 9.0904 17.17
NGC3395 162.458791 32.982833 0.8 0.444 40.5 57.84 19.6407 -1.04 9.7966 15.84
PGC032455 162.529014 16.297835 0.431 0.232 113.8 58.99 2.6948 -2.49 7.3638 15.49
NGC3413 162.836406 32.766381 1.009 0.424 177.4 90.0 15.8324 -0.767 9.3383 8.3
NGC3418 162.849784 28.112021 0.552 0.469 76.9 34.41 20.258 -0.796 9.7244 12.4
PGC032630 163.089103 17.935265 0.537 0.313 18.4 63.25 20.2671 -1.579 9.2149 17.06
UGC05989 163.132668 19.792287 0.714 0.231 124.9 90.0 16.0694 -1.031 8.7764 19.18
PGC032664 163.202681 0.034526 0.251 0.18 67.9 49.88 20.797 -1.346 8.6154 16.05
PGC032843 163.935207 17.005011 0.313 0.313 0.0 26.5 18.5534 -1.375 8.6844 16.06
PGC032902 164.21275 77.716417 0.371 0.151 138.0 68.15 3.693 -2.729 7.778 83.13
NGC3495 165.317483 3.628104 2.328 0.502 19.9 82.51 18.2393 -0.402 10.1804 17.17
NGC3504 165.796792 27.972307 1.239 1.239 0.0 26.38 13.5519 0.342 10.1856 17.45
NGC3507 165.855792 18.135333 1.459 1.253 93.2 31.88 14.7425 -0.685 10.2144 14.97
NGC3510 165.930807 28.887132 0.774 0.354 162.8 78.1 16.0211 -0.999 9.1818 16.36
PGC033523 166.38552 17.639609 0.766 0.307 23.8 69.73 17.6661 -1.446 8.8039 17.63
NGC3556 167.8789 55.674268 1.991 0.83 79.0 67.53 9.9017 0.321 10.4058 30.63
IC0676 168.165926 9.055782 0.923 0.653 0.1 51.39 20.0447 -0.076 9.9552 13.53
NGC3593 168.654025 12.817829 2.344 0.925 90.6 86.88 8.7723 -0.118 10.1502 17.44
NGC3600 168.966675 41.59112 0.937 0.295 3.5 87.65 15.2141 -0.727 9.5145 22.35
PGC034439 169.25126 50.584781 0.379 0.329 42.4 34.35 16.9232 -1.726 8.4747 28.35
UGC06300 169.3209 16.327139 0.57 0.33 72.1 90.0 17.7968 -1.654 8.5419 12.87
PGC034522 169.491825 17.441354 0.446 0.391 156.8 35.73 13.8404 -2.071 8.9661 13.98
UGC06320 169.571857 18.847079 0.673 0.673 0.0 21.98 18.611 -0.599 9.3032 17.1
NGC3666 171.108575 11.342144 1.722 0.494 97.5 77.85 17.9842 -0.185 10.0494 17.0
IC0692 171.472863 9.987423 0.424 0.279 118.3 90.0 17.2187 -1.152 9.0424 17.61
NGC3675 171.534275 43.586489 2.951 1.637 178.3 59.52 15.4792 0.379 10.8683 23.54
IC2828 171.795561 8.731099 0.506 0.222 51.5 81.32 14.1906 -1.409 8.4022 9.34
NGC3686 171.933141 17.224116 1.452 1.107 19.2 41.7 18.2477 -0.052 10.3406 14.98
UGC06526 173.164385 35.32836 0.818 0.169 87.2 83.42 15.4882 -0.834 9.1687 22.08
NGC3726 173.338209 47.029083 2.825 1.849 14.2 50.47 13.9402 0.037 10.4085 21.76
NGC3738 173.953333 54.524444 1.132 0.813 156.4 50.0 4.9278 -1.671 8.7845 29.01
NGC3769 174.433757 47.893123 1.462 0.457 150.2 78.5 13.9365 -0.474 9.8399 25.87
NGC3769A 174.459418 47.881801 0.571 0.177 109.3 90.0 15.5086 -1.644 8.7228 26.25
PGC036066 174.648627 57.8742 0.25 0.194 153.6 43.86 18.2653 -1.216 7.6207 24.69
UGC06628 175.027811 45.942918 1.069 0.927 79.8 33.19 16.9824 -1.205 8.4788 25.68
NGC3810 175.244841 11.471119 1.675 1.143 28.5 48.22 16.1984 0.393 10.469 17.85
UGC06667 175.609542 51.597995 0.615 0.223 86.7 71.28 18.8432 -1.211 9.1147 6.77
UGC06670 175.622388 18.33306 0.76 0.257 154.0 90.0 17.2187 -0.875 9.338 12.08
PGC036653 176.40395 31.29957 0.397 0.234 22.8 58.76 16.0694 -0.493 9.0701 17.3
NGC3870 176.48585 50.199801 0.521 0.373 22.5 49.69 12.484 -0.957 9.0955 27.96
NGC3877 176.53245 47.494712 2.691 0.614 36.2 83.52 15.5345 0.172 10.5766 24.95
UGC06756 176.756665 57.09253 0.653 0.292 63.3 73.3 16.4259 -1.5 8.5044 25.36
NGC3893 177.159112 48.710766 1.346 0.714 160.9 59.88 17.3812 0.469 10.5546 24.1
NGC3896 177.234706 48.674771 0.708 0.441 128.4 55.43 17.9366 -1.144 9.0791 26.3
NGC3912 177.518611 26.479193 0.753 0.333 3.8 68.11 20.707 0.064 9.8826 6.84
UGC06805 177.551105 42.074632 0.305 0.232 121.1 45.24 20.1038 -0.865 9.2502 23.24
NGC3913 177.662241 55.353889 0.822 0.698 151.5 32.42 16.9824 -1.049 9.372 23.75
NGC3917 177.689449 51.824457 2.317 0.526 76.4 82.13 16.9928 -0.634 10.172 24.04
NGC3931 177.806015 52.000865 0.566 0.445 156.9 47.46 17.872 -1.179 9.494 15.53
NGC3930 177.941022 38.014949 1.33 0.988 38.1 43.01 12.6744 -1.241 8.9626 18.56
NGC3928 177.94848 48.683144 0.684 0.684 0.0 27.97 15.6577 -0.428 9.7506 25.97
NGC3949 178.423842 47.858768 1.13 0.667 116.4 56.03 18.6889 0.364 10.3324 25.97
IC0745 178.55113 0.136644 0.389 0.389 0.0 15.41 18.8273 -0.429 9.4025 18.11
NGC3972 178.937894 55.320726 1.795 0.489 117.5 81.12 20.5932 -0.379 10.0183 27.73
NGC3985 179.175534 48.333948 0.562 0.368 67.3 56.21 16.6797 -0.589 9.5332 23.5
UGC06923 179.206623 53.160346 0.477 0.346 174.2 49.32 16.708 -1.168 9.147 12.46
UGC06930 179.322396 49.283283 0.706 0.634 23.3 26.54 16.9824 -0.731 9.2252 11.55
NGC4013 179.630676 43.946812 2.438 0.609 58.6 90.0 19.7172 0.382 10.7669 23.3
PGC037779 179.890897 13.887412 0.405 0.261 39.9 57.15 11.324 -2.043 8.1199 18.22
PGC037814 179.99055 49.564227 0.363 0.204 40.2 65.57 20.0461 -1.852 8.3072 13.32
UGC06992 180.078783 50.652798 0.679 0.308 61.9 78.55 16.2625 -1.175 9.0988 26.0
NGC4037 180.348663 13.401019 1.188 1.188 0.0 21.9 17.2187 -1.032 9.6588 18.14
UGC07022 180.682177 45.19107 0.468 0.111 55.7 85.52 14.9755 -1.768 8.4793 24.98
PGC038113 180.899907 16.0555 0.328 0.203 105.9 54.61 17.5047 -0.921 9.2431 13.68
UGC07035 180.917232 2.64148 0.697 0.192 149.5 90.0 9.9541 -1.691 8.5008 12.61
PGC038153 181.019827 28.980895 0.28 0.134 87.0 64.39 17.1401 -1.361 8.6288 6.46
NGC4064 181.046763 18.443822 1.611 0.653 151.4 74.69 11.7699 -0.601 9.9796 18.65
PGC038277 181.316013 30.855591 0.315 0.258 161.2 39.11 12.7057 -1.447 8.464 17.19
PGC038286 181.347111 28.36575 0.318 0.173 50.4 58.32 11.3747 -2.316 8.0138 17.06
NGC4088 181.391307 50.538839 2.741 1.033 46.6 71.34 14.9639 0.586 10.5893 25.59
NGC4096 181.50476 47.478454 2.825 0.713 20.0 80.55 12.1768 -0.046 10.2795 24.98
UGC07094 181.544775 42.955773 0.608 0.243 38.3 90.0 9.0116 -1.885 8.126 11.63
NGC4117 181.942092 43.126328 0.785 0.317 20.5 90.0 17.2982 -0.863 9.7153 20.98
NGC4118 181.970247 43.111059 0.34 0.191 148.3 64.42 13.8633 -1.862 8.0889 19.84
NGC4123 182.046336 2.878302 1.588 1.159 125.4 44.26 17.4857 0.073 10.2363 11.96
NGC4129 182.221684 -9.036429 1.288 0.357 93.6 90.0 20.0666 -0.074 9.987 18.37
UGC07129 182.229486 41.740859 0.577 0.39 73.1 50.41 11.4371 -0.64 9.1275 19.45
NGC4136 182.323779 29.927657 1.172 1.172 0.0 22.02 9.6828 -1.067 9.48 10.05
NGC4151 182.636002 39.405794 1.439 1.107 50.0 42.0 7.7928 -0.303 10.0618 15.37
NGC4150 182.640252 30.401578 0.993 0.664 147.8 58.11 13.6166 -0.835 9.9037 16.3
IC0767 182.761405 12.103958 0.464 0.34 75.1 68.87 19.1841 -1.772 9.3111 5.66
NGC4178 183.192895 10.86571 2.328 0.622 31.7 77.44 13.8831 -0.575 9.6858 17.31
PGC038959 183.232834 53.460445 0.225 0.134 171.4 90.0 20.6242 -2.167 8.3428 6.51
PGC038998 183.347369 29.921853 0.314 0.139 97.0 80.5 17.2982 -2.053 8.1096 9.97
PGC039006 183.362471 50.710395 0.313 0.211 160.8 50.0 2.6207 -2.701 7.3797 17.84
NGC4205 183.731439 63.782797 0.836 0.329 31.3 69.12 16.8477 -0.505 9.5119 21.96
IC3065 183.802374 14.43285 0.622 0.44 178.9 53.93 16.3911 -1.816 9.2813 15.02
NGC4204 183.810376 20.658714 2.028 2.028 0.0 0.0 7.8705 -1.461 8.2856 18.22
NGC4207 183.877018 9.584931 0.752 0.387 122.2 70.51 16.1199 -0.304 9.8687 11.78
NGC4212 183.913876 13.901575 1.399 0.845 73.6 54.56 17.1018 0.151 10.3469 17.62
NGC4218 183.943281 48.131 0.513 0.329 134.9 53.04 14.283 -0.918 9.1952 15.52
NGC4217 183.962198 47.091897 2.767 0.748 49.8 84.99 19.0615 0.592 10.7583 24.83
IC3077 183.984722 14.432927 0.537 0.367 179.3 47.89 9.1201 -1.884 8.0768 14.95
NGC4222 184.094459 13.307283 1.416 0.212 56.0 90.0 19.8196 -0.596 9.6942 17.64
IC3097 184.254573 9.407577 0.397 0.265 26.1 90.0 17.6455 -1.788 8.4562 18.44
NGC4237 184.297597 15.323903 1.094 0.705 105.4 51.75 19.6665 -0.037 10.3915 17.51
PGC039413 184.363595 17.65051 0.501 0.302 128.4 64.99 17.5361 -1.753 9.2946 17.21
IC3120 184.563851 13.749113 0.317 0.269 133.6 34.54 16.0991 -1.686 7.9387 16.33
NGC4254 184.706731 14.416792 2.518 2.518 0.0 20.13 14.0614 0.689 10.7552 15.31
PGC039655 184.842173 5.910499 0.367 0.203 164.3 57.71 17.8474 -1.278 8.8008 14.78
UGC07366 184.869514 17.230436 0.483 0.32 133.8 60.85 17.52 -1.836 8.9222 15.08
NGC4274 184.960745 29.614339 1.815 0.849 101.8 68.03 19.4089 0.103 10.994 17.17
NGC4278 185.028264 29.28064 1.445 1.445 0.0 15.59 15.5787 -1.054 10.7551 17.07
NGC4282 185.101221 5.572856 0.442 0.281 99.7 57.1 17.4978 -1.064 9.4404 5.88
NGC4288 185.158929 46.291708 0.851 0.674 137.7 42.14 20.8526 -0.733 9.3511 25.66
NGC4286 185.175327 29.345862 0.542 0.192 144.5 82.27 13.0887 -1.132 9.1304 13.81
UGC07399A 185.203422 17.487159 0.7 0.341 79.9 90.0 17.1571 -1.711 9.1022 17.06
PGC039904 185.297146 17.638618 0.33 0.178 58.3 58.66 16.9824 -1.352 8.6936 17.68
NGC4293 185.303964 18.382999 3.119 1.858 72.0 59.33 14.3348 -0.24 10.6049 14.98
NGC4294 185.324265 11.51062 1.343 0.51 148.3 70.17 16.3549 -0.223 9.7785 16.57
NGC4308 185.486908 30.074331 0.469 0.344 21.0 64.26 13.0765 -1.826 9.232 17.89
PGC040015 185.490777 2.345078 0.255 0.255 0.0 26.26 16.9824 -0.94 8.8583 14.51
NGC4306 185.517102 12.787496 0.746 0.53 142.4 53.3 17.9283 -1.689 9.5247 16.49
NGC4307 185.52355 9.043709 1.718 0.407 23.9 90.0 20.4901 -0.634 10.3643 14.36
UGC07436 185.58138 14.760793 0.637 0.356 120.6 75.21 15.7197 -1.893 9.1004 18.5
NGC4310 185.60956 29.208839 0.966 0.382 147.9 90.0 17.2995 -0.802 9.8353 17.5
NGC4303A 185.613404 4.566273 0.568 0.568 0.0 16.0 17.6486 -0.949 9.2426 13.87
NGC4313 185.660499 11.800982 1.901 0.494 141.2 90.0 14.0155 -0.867 10.1368 15.24
IC3229 185.719973 6.679958 0.617 0.205 43.2 75.32 19.4089 -1.474 8.666 11.52
NGC4321 185.728667 15.822249 3.048 3.048 0.0 24.0 15.4182 0.639 10.9713 15.1
NGC4330 185.82114 11.36784 1.145 0.298 59.5 78.85 18.9697 -0.284 9.9829 17.96
NGC4336 185.874263 19.426888 0.771 0.404 162.3 66.59 17.5808 -1.267 9.7374 18.49
NGC4350 185.990895 16.693276 1.399 0.665 28.4 82.42 20.4776 -0.974 10.7852 18.32
IC3267 186.02305 7.041326 0.605 0.605 0.0 15.13 17.6349 -0.786 9.3432 7.5
PGC040339 186.060513 4.225964 0.348 0.17 23.1 90.0 17.6081 -1.576 8.6326 16.6
NGC4356 186.060915 8.53638 1.005 0.365 39.7 71.44 16.4563 -0.969 9.7883 14.25
UGC07485 186.092358 21.159993 0.366 0.231 119.6 70.81 17.5473 -1.278 8.6824 19.57
PGC040365 186.091779 13.028343 0.256 0.256 0.0 18.45 4.0694 -2.238 9.0447 12.74
NGC4366 186.195765 7.353015 0.427 0.155 41.2 90.0 17.6523 -1.8 9.0344 18.21
IC3292 186.201524 18.195103 0.547 0.408 133.8 51.16 15.7551 -2.048 8.894 7.73
NGC4370 186.228848 7.444701 0.809 0.531 79.3 53.41 20.6063 -0.584 10.1356 17.17
NGC4374 186.26544 12.887109 3.707 3.221 133.4 39.61 17.7249 -0.987 11.2392 17.8
NGC4384 186.299697 54.506199 0.637 0.494 84.9 41.69 19.9525 -0.325 9.678 30.28
IC3303 186.313303 12.714594 0.477 0.276 70.5 90.0 15.6235 -1.658 8.8334 9.82
NGC4380 186.342285 10.016803 1.675 0.891 158.3 61.88 16.5973 -0.948 10.3805 16.61
IC3311 186.387739 12.260468 0.923 0.222 134.5 90.0 20.5994 -1.055 9.0561 13.63
NGC4390 186.461103 10.459049 0.76 0.564 99.0 43.28 19.0414 -0.753 9.6574 18.43
IC3322 186.475479 7.554779 1.164 0.323 156.4 77.22 20.0154 -0.908 9.6467 8.96
IC3328 186.491231 10.053756 0.439 0.439 0.0 26.02 16.9153 -1.862 9.1728 14.53
IC3331 186.522226 11.812198 0.512 0.271 50.8 90.0 17.6443 -1.706 8.7599 16.46
NGC4405 186.529729 16.180965 0.762 0.512 20.6 52.57 18.5982 -0.488 10.0238 18.78
NGC4414 186.612942 31.223514 0.975 0.561 162.3 56.58 17.6155 0.778 10.9442 16.0
PGC040707 186.63836 12.743011 0.271 0.271 0.0 29.47 17.6799 -2.058 8.8285 13.72
NGC4415 186.668666 8.435683 0.641 0.565 6.1 31.3 15.6635 -1.676 9.5569 18.05
NGC4416 186.694584 7.91885 0.785 0.687 112.2 29.37 17.7307 -0.721 9.3423 18.12
NGC4411B 186.696671 8.88459 0.962 0.962 0.0 27.27 17.656 -1.087 9.4398 18.06
NGC4409 186.743694 2.494399 0.91 0.443 9.2 63.35 15.6321 -0.376 9.7552 17.43
NGC4423 186.787635 5.880664 1.026 0.205 20.2 90.0 14.0645 -1.215 9.109 16.37
NGC4424 186.7987 9.420442 1.52 0.787 95.2 64.5 15.9745 -0.375 10.0012 18.41
PGC040819 186.823911 14.147368 0.67 0.67 0.0 90.0 3.3152 -2.572 8.6674 9.76
IC3369 186.820533 16.024574 0.405 0.276 136.0 61.98 18.493 -1.752 9.1967 9.22
NGC4441 186.83484 64.801538 2.065 1.479 171.3 50.3 19.3089 -0.317 9.7971 35.07
NGC4430 186.859668 6.262971 1.012 0.75 74.7 43.81 16.1181 -0.728 9.9054 17.64
NGC4431 186.864094 12.290324 0.766 0.44 179.4 69.04 15.9915 -1.692 9.5364 15.88
NGC4436 186.921931 12.315969 0.83 0.394 113.8 82.73 17.6794 -1.521 9.4265 16.93
UGC07580 186.978478 8.090424 0.337 0.265 45.6 51.71 16.0145 -2.054 9.0135 5.28
NGC4445 187.066433 9.436304 1.268 0.248 104.8 90.0 15.5034 -1.393 9.6804 18.43
NGC4450 187.122983 17.084899 2.729 1.888 172.7 48.76 14.9634 -0.707 10.7617 18.25
NGC4455 187.183753 22.820801 0.803 0.28 15.7 90.0 7.7027 -1.799 8.6794 17.73
PGC041090 187.22895 9.42112 0.212 0.152 23.1 52.49 17.5702 -1.894 8.1926 18.53
NGC4457 187.245915 3.570599 1.396 1.183 78.5 34.65 17.378 -0.097 10.6 17.27
NGC4469 187.366731 8.750042 1.432 0.527 87.3 85.12 16.7494 -0.687 10.464 10.5
IC3414 187.369893 6.771522 0.406 0.19 31.6 76.5 13.0281 -1.593 8.6069 17.18
NGC4467 187.376091 7.99288 0.297 0.244 55.2 49.63 16.6665 -1.896 9.4789 15.98
PGC041180 187.395787 8.05798 0.167 0.167 0.0 42.0 16.293 -2.222 8.7172 11.54
NGC4470 187.407519 7.82411 0.641 0.432 1.1 50.58 15.0324 -0.57 9.5356 17.48
NGC4476 187.496226 12.348649 0.849 0.574 27.4 60.14 17.8856 -0.938 9.968 18.14
NGC4482 187.543084 10.779501 0.753 0.425 136.9 90.0 18.3327 -1.598 9.5265 13.02
IC3436 187.624715 19.673056 0.377 0.218 144.1 66.45 17.4963 -1.818 9.1705 10.24
NGC4486B 187.633218 12.490193 0.19 0.19 0.0 19.65 16.2988 -1.511 9.6539 16.5
NGC4490 187.651425 41.643994 3.357 0.824 133.1 90.0 9.5568 0.344 10.2506 22.41
IC3435 187.666064 15.129774 0.676 0.235 141.0 90.0 15.5767 -2.109 8.8253 13.7
NGC4486 187.706364 12.390519 3.556 3.556 0.0 26.43 16.123 -1.175 11.3209 17.88
NGC4491 187.738002 11.483445 0.818 0.43 147.1 64.25 9.3683 -0.977 9.2229 17.69
IC0797 187.978236 15.123922 0.55 0.375 105.2 47.96 14.2633 -1.005 9.218 13.43
PGC041507 187.982395 8.602231 0.2 0.181 80.9 29.46 17.5586 -2.122 8.3355 6.0
UGC07678 188.000973 39.832318 0.305 0.186 69.3 60.71 14.5697 -1.491 8.4864 8.83
NGC4506 188.043786 13.419623 0.815 0.556 107.3 50.61 17.0412 -0.856 9.5906 17.75
IC3468 188.059213 10.251462 0.641 0.577 170.2 35.84 15.6341 -1.958 9.4135 9.21
NGC4504 188.072696 -7.563389 1.622 1.005 156.2 52.91 17.5759 -0.512 9.9214 18.19
IC3470 188.097426 11.262954 0.476 0.476 0.0 7.63 16.0758 -1.885 9.1987 11.86
IC0798 188.139215 15.415401 0.452 0.452 0.0 21.09 16.0119 -2.112 8.9925 11.08
IC3478 188.184185 14.196178 0.455 0.405 119.9 31.66 19.3218 -1.743 9.2368 14.95
NGC4437 188.189482 0.11453 4.508 0.71 84.4 90.0 8.705 -0.354 10.1788 17.11
UGC07699 188.200423 37.622228 1.799 0.498 32.5 77.43 16.6045 -0.995 9.2104 18.39
NGC4509 188.276993 32.090927 0.334 0.183 161.0 59.79 10.0925 -1.394 8.0281 17.48
IC3483 188.291916 11.347617 0.435 0.274 177.0 53.44 15.8212 -1.622 9.0085 17.46
IC3486 188.308391 12.857787 0.412 0.282 39.3 63.2 15.9221 -2.074 8.8604 18.63
IC3499 188.437094 10.9953 0.807 0.279 124.8 90.0 17.6185 -1.608 9.5672 17.42
NGC4523 188.45047 15.168444 0.622 0.622 0.0 25.12 16.8267 -1.151 9.0724 16.62
IC3501 188.465059 13.322488 0.464 0.464 0.0 33.05 16.3073 -1.851 9.1592 18.24
IC0800 188.486163 15.354724 0.753 0.551 151.0 44.14 14.9425 -1.26 9.3152 16.25
IC3509 188.548024 12.048974 0.503 0.362 68.8 72.05 16.7577 -1.981 8.9098 13.96
NGC4532 188.580624 6.468048 1.247 0.44 161.4 90.0 12.9198 -0.185 9.6601 13.08
IC3540 188.863424 12.750265 0.439 0.394 68.1 30.04 17.3434 -1.531 9.1987 14.13
PGC041942 188.878577 6.33399 0.359 0.217 129.2 75.43 18.0496 -1.907 8.5816 18.15
NGC4544 188.902527 3.034564 0.964 0.299 162.5 90.0 17.5494 -0.744 9.7001 17.46
PGC041959 188.905198 12.382034 0.28 0.28 0.0 23.65 15.4719 -2.096 8.9728 18.66
NGC4561 189.033922 19.322671 0.659 0.562 61.2 35.15 17.7983 -0.622 9.4808 18.37
PGC042068 189.145602 8.05469 0.55 0.352 30.1 57.61 7.5162 -2.271 8.1037 11.69
NGC4571 189.234897 14.217351 1.782 1.782 0.0 22.13 14.771 -0.806 10.1862 15.84
NGC4579 189.431379 11.818135 2.506 1.919 90.2 41.86 17.0653 0.212 11.1006 16.09
UGC07802 189.586883 7.891499 0.837 0.157 56.8 86.14 20.9382 -1.052 9.1675 18.25
NGC4586 189.618414 4.319094 1.714 0.56 115.5 86.68 15.7358 -1.179 10.2374 11.59
NGC4587 189.64762 2.657311 0.661 0.375 46.6 69.77 19.4089 -1.384 9.7909 10.92
NGC4592 189.828048 -0.531891 2.084 0.596 94.2 90.0 11.1783 -0.761 9.2404 16.85
NGC4595 189.966162 15.297731 0.762 0.483 109.9 52.63 13.4473 -0.971 9.4777 18.27
NGC4605 189.997218 61.609158 2.937 1.145 122.2 70.1 5.6242 -0.606 9.6261 29.71
NGC4600 190.095729 3.117716 0.71 0.503 59.2 52.71 8.2427 -1.997 9.1374 16.51
PGC042497 190.209731 4.525812 0.324 0.193 48.1 77.61 17.3034 -0.999 7.8895 11.08
NGC4607 190.301214 11.886469 1.432 0.289 2.3 90.0 13.3168 -0.522 9.7639 18.35
IC3653 190.315539 11.387234 0.312 0.312 0.0 62.42 15.4629 -1.709 9.4108 18.34
PGC042559 190.345374 -3.057814 0.64 0.227 147.0 86.8 15.0661 -1.285 9.0364 15.31
NGC4618 190.386985 41.150939 1.782 1.143 32.5 57.57 6.628 -0.96 9.4088 17.28
NGC4625 190.469647 41.27387 0.703 0.703 0.0 46.12 11.7206 -0.862 9.4707 23.46
PGC042609 190.477541 9.58463 0.396 0.344 48.9 33.88 19.2593 -1.835 8.8293 11.68
IC0809 190.536105 11.75429 0.485 0.485 0.0 28.8 16.05 -1.715 9.4249 11.21
PGC042673 190.588602 2.066666 0.296 0.251 168.7 37.39 17.6681 -1.557 8.6307 12.44
NGC4630 190.629699 3.959765 0.832 0.604 10.2 49.15 16.4437 -0.364 9.7084 8.83
NGC4635 190.663477 19.945466 0.97 0.7 175.4 44.64 16.2891 -1.095 9.3694 14.43
NGC4634 190.670366 14.296135 1.233 0.299 155.5 80.64 15.8331 -0.147 9.9283 18.37
PGC042748 190.734705 3.676582 0.372 0.332 126.1 35.88 17.5238 -1.701 9.3269 16.43
NGC4641 190.781982 12.051081 0.64 0.525 172.3 40.57 20.0888 -1.116 9.3907 13.2
PGC042772 190.779666 32.490694 0.137 0.11 150.0 41.08 17.4142 -1.642 8.4254 17.52
NGC4643 190.833783 1.978481 1.119 0.875 131.7 42.86 20.5205 -0.86 10.89 16.51
NGC4647 190.8857 11.582125 1.374 1.18 138.7 31.58 16.508 0.087 10.4466 10.55
NGC4656 190.990431 32.169638 3.228 0.33 35.6 90.0 5.0112 -1.164 8.2679 14.7
NGC4666 191.285978 -0.461879 2.483 0.984 40.6 69.64 16.1757 0.775 10.8265 17.87
NGC4670 191.321594 27.125522 0.485 0.414 90.2 33.67 11.0154 -0.818 9.152 19.99
PGC043051 191.518446 8.476259 0.287 0.287 0.0 25.53 9.8175 -2.162 8.096 16.96
PGC043121 191.730849 26.564248 0.332 0.236 25.1 58.97 11.0154 -1.501 8.3197 3.04
UGC07950 191.736096 51.613373 0.647 0.514 176.1 42.02 8.9536 -2.105 8.2868 15.75
NGC4684 191.822867 -2.727414 1.455 0.472 19.0 90.0 14.3087 -0.707 10.1868 12.62
NGC4689 191.93992 13.762633 1.91 1.432 162.6 42.54 16.659 -0.117 10.4897 16.79
PGC043215 191.99925 4.694862 0.396 0.281 66.9 74.96 17.5522 -2.05 8.6134 17.46
NGC4691 192.056948 -3.33282 1.531 1.247 17.4 38.45 18.2074 0.451 10.3361 9.4
NGC4694 192.062869 10.98349 0.998 0.553 134.6 70.04 14.5639 -0.786 9.9754 17.68
IC3806 192.230712 14.907906 0.643 0.22 178.6 82.21 17.7889 -1.332 9.4879 14.81
NGC4701 192.298292 3.388745 0.869 0.641 38.9 43.29 17.8733 -0.274 9.813 6.3
NGC4710 192.411541 15.164971 2.193 0.565 25.9 90.0 17.6046 0.024 10.6953 15.89
UGC07982 192.459324 2.851861 1.455 0.369 0.8 87.1 19.9529 -1.19 9.7329 9.48
NGC4713 192.490988 5.311338 0.83 0.83 0.0 23.78 15.1204 -0.269 9.6503 17.2
NGC4720 192.67825 -4.155806 0.615 0.366 106.9 69.34 20.2302 -0.62 9.5344 17.92
NGC4731 192.755991 -6.394077 3.162 1.069 95.4 73.13 12.8914 -0.622 9.5374 13.14
NGC4758 193.184333 15.847765 1.377 0.384 159.0 90.0 12.9024 -0.985 9.4418 13.86
NGC4771 193.338444 1.269116 1.549 0.492 133.2 74.51 19.619 -0.651 10.2134 16.79
PGC043864 193.507835 -1.508327 0.284 0.229 13.6 54.28 17.5861 -1.616 8.9221 14.58
PGC043888 193.552492 0.802557 0.294 0.168 16.8 76.2 17.6139 -1.859 8.1848 16.92
PGC043892 193.554396 45.008946 0.336 0.105 172.7 80.37 4.2945 -2.796 7.2094 12.34
PGC043940 193.673381 2.104104 0.431 0.328 30.0 52.1 17.4366 -1.337 9.0852 9.36
UGC08041 193.802644 0.116599 1.592 0.957 168.3 54.01 15.1446 -1.078 8.7967 17.92
NGC4808 193.953987 4.304177 1.18 0.464 127.4 69.21 18.0736 0.144 10.1273 12.96
NGC4818 194.20375 -8.525292 2.133 0.64 179.4 85.86 11.6633 0.168 10.1904 13.63
PGC044532 194.757687 34.860685 1.905 0.724 18.0 90.0 9.8935 -1.021 8.5155 19.85
NGC4900 195.163311 2.501062 1.064 1.064 0.0 18.98 17.2982 0.064 10.2516 17.28
NGC4904 195.244342 -0.027573 0.995 0.621 7.2 52.65 17.944 -0.199 9.939 12.28
PGC044876 195.295458 -5.556639 0.716 0.245 61.5 90.0 18.9928 -1.002 9.2772 18.23
NGC4941 196.054666 -5.551611 1.679 1.377 21.5 36.6 20.7217 -0.167 10.5768 18.18
UGC08246 197.518627 34.180986 1.236 0.308 88.7 79.88 16.3476 -1.437 8.4021 19.97
IC4213 198.046569 35.669699 1.242 0.238 175.7 86.08 19.5539 -1.139 9.2365 21.01
PGC045858 198.07359 26.686102 0.441 0.253 110.0 56.15 18.7932 -1.195 9.284 19.5
UGC08285 198.13871 7.184285 0.419 0.226 49.0 67.84 17.4582 -1.982 8.312 10.19
NGC5058 199.217894 12.548308 0.378 0.282 12.9 46.96 17.5525 -1.021 9.1355 11.6
PGC046335 199.540932 57.975471 0.212 0.176 62.3 50.21 4.1411 -3.451 7.4146 34.25
NGC5204 202.4024 58.420383 2.249 1.412 5.5 58.83 4.7886 -1.458 8.7884 31.67
NGC5229 203.512102 47.915374 1.14 0.315 168.6 76.94 10.0627 -1.839 8.5694 24.92
NGC5238 203.677099 51.613678 0.875 0.721 161.7 38.54 4.4981 -2.515 6.5585 17.36
UGC08578 203.898505 29.216985 0.352 0.149 20.2 67.94 17.7828 -1.823 8.4052 17.79
NGC5248 204.38342 8.885176 2.037 1.191 119.6 56.38 13.3756 0.431 10.6186 18.08
PGC048501 205.485462 30.519358 0.164 0.135 29.0 38.31 18.2882 -1.281 7.9043 17.06
NGC5300 207.066859 3.950877 1.416 0.92 146.8 50.83 18.6439 -0.676 9.9693 8.69
NGC5338 208.360602 5.207755 0.97 0.423 98.1 90.0 12.7695 -1.385 9.2862 18.18
NGC5348 208.546919 5.227286 1.941 0.364 175.1 90.0 16.7987 -1.227 9.3334 18.16
NGC5363 209.030166 5.254694 2.084 1.377 133.3 53.69 16.5959 -0.516 10.8972 18.03
NGC5434 210.84645 9.448021 0.738 0.738 0.0 20.21 3.8019 -1.876 8.132 18.3
UGC08986 211.066069 4.112138 0.609 0.609 0.0 12.54 20.1046 -1.775 9.3176 17.54
NGC5474 211.256274 53.662267 1.197 0.783 99.7 50.21 6.9107 -1.27 9.1162 30.64
NGC5523 213.718078 25.317451 1.021 0.446 92.5 66.23 20.7297 -0.4 9.9664 12.39
UGC09169 214.936341 9.362611 2.275 0.433 54.0 90.0 14.3081 -1.847 8.1968 17.91
NGC5585 214.95081 56.729389 2.133 1.309 33.3 53.12 8.1017 -1.372 9.248 29.82
NGC5560 215.018397 3.992753 1.726 0.425 109.2 90.0 19.5797 -0.334 10.0264 13.32
NGC5569 215.133768 3.9832 0.557 0.435 56.3 39.35 17.378 -1.306 8.784 12.98
PGC051401 215.87079 14.283464 0.464 0.209 174.8 79.36 19.8609 -0.681 9.0852 18.72
PGC051523 216.439228 -5.401839 0.708 0.356 96.4 72.06 14.8706 -0.98 8.8646 15.51
NGC5645 217.663975 7.275089 1.009 0.544 84.7 58.58 16.2472 -0.457 9.7385 17.25
NGC5690 219.421188 2.290893 1.599 0.495 145.1 75.87 19.5818 0.263 10.2281 12.33
NGC5692 219.575478 3.410309 0.477 0.298 35.5 53.43 20.5116 -0.457 9.6408 12.54
PGC052966 222.51155 52.406262 0.283 0.22 8.3 43.87 16.2088 -1.683 8.3867 24.82
PGC053134 223.145007 -3.561583 0.757 0.262 111.9 90.0 15.1356 -0.862 8.5152 18.55
NGC5775 223.489992 3.544263 1.849 0.423 148.4 83.4 19.297 0.738 10.6966 17.52
UGC09660 225.288824 44.698179 0.357 0.183 84.5 70.84 10.8143 -1.703 8.5328 25.41
UGC09661 225.514689 1.8411 0.521 0.47 139.2 28.46 20.3163 -1.181 9.1029 17.69
NGC5841 226.64583 2.004863 0.594 0.245 149.7 90.0 20.5373 -1.472 9.6691 14.9
UGC09749 227.294801 67.213622 0.288 0.158 63.0 90.0 2.4501 -3.202 7.93 38.67
PGC054577 229.354794 56.663628 0.489 0.277 67.1 64.88 16.8156 -1.443 8.851 24.35
UGC09816 229.70002 59.462398 0.615 0.226 61.3 90.0 15.8484 -2.121 7.8704 34.16
NGC5921 230.485344 5.070632 1.51 1.016 136.5 49.45 15.6466 -0.213 10.3812 14.34
NGC5949 232.002791 64.763154 0.92 0.382 148.1 69.08 12.474 -0.803 9.6517 36.52
PGC055616 234.267447 55.26393 0.14 0.12 142.1 33.9 15.7553 -1.317 8.1892 30.02
NGC5984 235.722419 14.230296 1.242 0.286 144.1 80.87 19.2587 -0.651 8.056 18.4
NGC6015 237.855228 62.310035 2.904 1.285 28.0 65.71 17.7114 0.008 10.3393 36.3
PGC057169 241.670829 6.580971 0.394 0.283 144.4 50.03 20.4174 -1.571 8.4765 3.85
NGC6140 245.241185 65.390168 1.045 0.889 83.3 32.25 18.5353 -0.391 9.8704 39.46
NGC6207 250.765569 36.832321 1.73 0.805 17.0 64.65 15.9615 -0.119 9.9874 22.68
NGC6232 250.834292 70.632528 0.733 0.579 176.0 40.36 18.0302 -1.037 9.6092 29.41
NGC6255 253.698988 36.501289 1.552 0.687 95.5 65.69 18.7844 -0.933 8.64 21.47
IC4660 260.438475 75.848677 0.641 0.164 169.8 87.04 11.0395 -1.448 8.7831 76.22
NGC6395 261.630336 71.096297 1.125 0.363 16.7 74.3 20.0102 -0.892 9.6005 50.57
UGC10985 267.018471 14.741381 0.64 0.414 109.8 57.07 16.3682 -0.789 9.3608 18.43
PGC060931 267.386001 55.508081 0.368 0.292 147.0 38.08 20.3837 -1.304 8.8254 32.66
NGC6542 269.910809 61.359407 0.69 0.202 96.8 90.0 16.2582 -1.201 9.2382 36.27
PGC061658 273.992918 13.785229 0.495 0.222 102.5 65.9 12.8825 -0.794 8.9392 18.36
NGC6643 274.943166 74.568389 1.659 0.815 37.2 62.72 20.7561 0.561 10.5503 67.86
UGC11466 295.744833 45.298111 0.741 0.446 34.8 55.12 15.0863 -0.021 9.8072 21.0
NGC6951 309.308682 66.105682 1.596 1.047 149.3 50.84 17.2797 0.536 10.8179 42.59
PGC065330 311.417604 28.177289 0.315 0.186 52.0 55.23 19.6139 -1.43 8.7963 17.15
PGC066806 322.024584 8.625833 0.251 0.162 2.5 50.91 3.9472 -2.987 7.681 16.16
NGC7077 322.498419 2.41447 0.45 0.28 12.2 82.31 17.2187 -1.119 9.0564 14.62
UGC11861 329.100584 73.260917 0.889 0.426 6.8 75.01 16.8179 -1.04 10.054 53.97
UGC11868 329.769584 18.177472 0.995 0.995 0.0 25.55 18.7973 -1.375 8.6018 15.9
NGC7320 339.014202 33.948158 1.276 0.701 132.3 57.95 16.286 -0.891 9.4456 21.07
NGC7351 340.362179 -4.444737 0.802 0.421 1.7 76.44 14.5686 -1.015 9.5954 17.92
NGC7406 343.484404 -6.57913 0.462 0.462 0.0 47.25 17.9473 -0.351 9.566 14.98
NGC7497 347.264028 18.177253 1.377 0.484 44.9 71.94 16.2898 -0.231 9.9974 16.53
UGC12639 352.612542 30.221861 0.483 0.312 1.9 52.12 17.4582 -0.783 9.2426 17.57
NGC7694 353.316229 -2.70299 0.687 0.375 92.4 67.19 14.2352 -0.917 9.2231 10.58
NGC7741 355.976855 26.075473 1.815 1.191 161.0 50.14 13.9255 -0.464 9.6652 19.82
PGC072872 358.862352 -6.237335 0.432 0.217 96.1 72.44 18.4299 -1.679 9.2747 13.94
PGC083348 162.270221 12.407371 0.155 0.122 173.5 39.08 20.7085 -1.666 8.2412 18.77
PGC086577 9.351666 31.771028 0.177 0.132 2.0 66.92 0.8072 -3.957 5.5431 12.13
PGC089985 68.2025 29.499389 0.406 0.239 141.0 55.09 16.7494 0.667 10.1628 18.2
PGC091740 336.919494 -7.716881 0.466 0.077 154.7 90.0 14.8594 -1.541 8.3936 17.36
PGC093597 162.804246 28.006226 0.317 0.256 6.4 53.71 19.5614 -2.186 8.888 17.59
PGC101479 194.805461 34.936336 0.182 0.144 79.9 56.37 17.9444 -1.703 8.008 21.91
PGC141444 44.503362 6.048808 0.027 0.027 0.0 "" 1.3137 -4.201 6.3748 17.15
PGC165902 337.663542 38.684139 0.238 0.063 39.0 78.75 14.5465 -0.576 8.8863 23.17
PGC166411 27.3705 55.565083 0.171 0.116 30.0 48.77 13.5531 -1.205 7.9565 19.06
PGC1003283 191.962249 -8.471222 0.388 0.223 11.0 64.3 16.874 -1.613 8.8127 16.23
PGC1018807 124.47704 -7.448603 0.245 0.186 73.5 41.47 1.3124 -3.916 6.9018 13.55
PGC1024261 22.457583 -7.111083 0.213 0.141 108.0 49.72 19.881 -1.854 8.6305 18.97
PGC1052151 173.653957 -4.887299 0.195 0.087 24.0 65.41 3.6244 -3.293 6.3972 18.21
PGC1072376 162.253414 -3.358431 0.169 0.169 0.0 56.49 3.6851 -2.931 6.9457 12.3
PGC1076608 43.941874 -3.095333 0.126 0.109 161.0 29.96 0.983 -3.875 5.5744 18.89
PGC1080032 167.805459 -2.91325 0.151 0.063 161.0 67.49 8.5738 -2.369 7.6407 18.33
PGC1091476 170.349549 -2.456915 0.245 0.066 173.0 78.19 2.4218 -3.624 6.663 13.44
PGC1098596 152.465817 -2.210972 0.135 0.089 101.0 49.72 1.8028 -3.931 5.5459 17.24
PGC1119002 172.345221 -1.422592 0.155 0.066 106.0 66.81 3.2139 -3.537 6.6478 6.19
PGC1122842 226.672048 -1.26537 0.175 0.14 101.8 38.37 2.2966 -3.061 6.9919 12.5
PGC1132169 23.79921 -0.889102 0.134 0.1 16.3 66.0 1.2475 -4.257 6.2058 2.84
PGC1136717 312.829072 -0.708029 0.206 0.077 27.5 70.57 1.7724 -3.599 6.4539 17.16
PGC1137113 155.190225 -0.69015 0.148 0.074 10.0 61.58 3.6426 -2.859 6.3999 4.84
PGC1140345 161.75595 -0.5612 0.135 0.081 11.0 54.21 2.2364 -3.978 6.9601 16.42
PGC1147898 317.956123 -0.25697 0.153 0.153 0.0 37.31 2.3462 -3.023 6.3637 7.31
PGC1154903 40.501518 0.014565 0.212 0.14 114.9 90.0 15.6799 -2.253 8.1098 18.44
PGC1159076 43.702163 0.178975 0.116 0.098 139.6 33.21 1.2719 -3.87 5.7254 9.87
PGC1172508 168.157982 0.678384 0.148 0.126 93.0 32.24 2.9045 -3.75 6.3322 16.85
PGC1183601 240.196695 1.069724 0.338 0.171 134.0 71.69 3.2789 -3.064 7.5543 9.25
PGC1185153 170.614614 1.119538 0.158 0.115 119.0 44.48 2.9953 -3.349 6.3508 8.36
PGC1185732 176.785227 1.139417 0.126 0.077 144.0 53.14 3.4327 -3.447 7.4496 10.36
PGC1189106 169.377362 1.25006 0.158 0.129 71.0 36.3 2.2187 -3.635 7.4757 16.5
PGC1197251 129.39163 1.515804 0.133 0.084 106.8 53.94 3.1279 -3.124 7.0303 6.09
PGC1263558 168.480063 4.105199 0.21 0.157 134.4 47.26 20.3236 -1.866 7.8411 17.19
PGC1277883 140.14465 5.084031 0.199 0.141 17.1 45.82 1.0818 -4.394 6.2921 14.37
PGC1279440 186.862377 5.187938 0.158 0.132 9.8 37.64 17.6253 -1.87 7.4898 17.59
PGC1291407 144.877786 5.922142 0.133 0.088 93.0 49.72 2.6444 -3.203 6.7298 13.21
PGC1308051 192.092526 6.816143 0.124 0.104 133.3 34.35 3.448 -3.522 6.5107 17.98
PGC1309283 176.734071 6.877636 0.169 0.104 12.3 53.14 2.4596 -3.47 6.6049 18.05
PGC1319696 225.874361 7.349044 0.134 0.113 117.2 32.97 3.8827 -3.12 6.8188 18.7
PGC1353180 200.993259 8.759057 0.157 0.124 42.2 38.13 3.8786 -3.131 6.2989 12.64
PGC1374278 188.476517 10.081207 0.185 0.094 103.1 61.0 2.9496 -3.249 7.0426 12.5
PGC1382031 179.691672 10.614432 0.197 0.123 76.6 52.61 2.8877 -3.275 6.7712 7.64
PGC1400945 179.381239 11.924497 0.145 0.107 144.6 43.64 2.9828 -3.343 6.8603 18.64
PGC1408268 218.742833 12.367215 0.171 0.126 174.2 43.56 2.7457 -3.547 7.0036 18.94
PGC1421023 206.004188 13.018315 0.182 0.089 152.9 62.47 3.2392 -2.603 7.3006 12.77
PGC1421948 211.659323 13.059371 0.173 0.131 112.6 41.47 3.1777 -2.86 6.3929 4.9
PGC1431845 120.564791 13.471419 0.132 0.089 165.0 48.49 1.1363 -3.943 5.4806 10.7
PGC1433167 183.307023 13.522773 0.181 0.122 56.4 90.0 20.773 -1.855 8.1651 10.51
PGC1438155 121.842558 13.70461 0.119 0.072 128.0 54.21 3.9764 -3.475 6.4834 17.02
PGC1457381 125.703054 14.411197 0.137 0.109 65.6 38.13 1.547 -4.03 6.1947 13.69
PGC1458456 29.685474 14.45211 0.167 0.099 28.8 55.07 1.2447 -3.601 6.2212 13.93
PGC1466120 180.062302 14.747552 0.136 0.101 149.0 42.48 3.154 -2.934 6.8681 18.27
PGC1478071 121.537238 15.202959 0.152 0.065 66.4 66.81 1.6543 -4.135 6.3464 19.13
PGC1495467 174.234035 15.880185 0.144 0.144 0.0 25.12 2.6772 -3.698 6.8092 11.39
PGC1514594 239.453744 16.687073 0.187 0.131 41.5 46.73 4.0188 -2.552 7.0899 17.22
PGC1525610 119.580849 17.141626 0.108 0.078 124.8 45.07 1.7126 -4.031 5.5591 17.4
PGC1530472 122.573646 17.341627 0.101 0.101 0.0 25.47 1.5537 -3.917 5.7432 4.18
PGC1542712 120.604291 17.824815 0.112 0.112 0.0 37.41 1.607 -3.902 5.77 11.51
PGC1546014 117.465733 17.946806 0.151 0.127 4.2 33.37 1.9336 -3.882 6.9455 19.49
PGC1547136 130.924605 17.988163 0.143 0.118 127.1 35.23 1.769 -3.462 6.3099 19.2
PGC1559955 116.961823 18.450562 0.166 0.084 116.2 61.05 1.4546 -3.547 6.3527 19.41
PGC1583917 134.259656 19.200494 0.175 0.09 106.7 60.87 2.748 -0.784 6.4381 11.66
PGC1609997 121.676733 19.914823 0.188 0.092 4.9 62.39 1.9807 -3.012 6.7569 12.64
PGC1659838 176.387168 21.915687 0.144 0.107 21.5 42.53 4.1874 -3.231 6.3324 14.87
PGC1672707 207.306608 22.589863 0.176 0.157 85.6 29.9 17.9195 -2.302 8.0584 13.29
PGC1679813 118.272279 23.009211 0.132 0.1 173.2 41.47 2.5343 -3.483 6.5467 8.24
PGC1687001 157.95713 23.41742 0.156 0.123 133.7 42.31 19.5063 -1.737 8.2832 17.13
PGC1694314 152.371107 23.819825 0.257 0.178 97.9 47.04 3.6851 -2.382 7.5592 18.55
PGC1695322 152.783891 23.87523 0.237 0.182 156.4 46.72 20.5474 -1.839 8.5219 14.14
PGC1715136 174.372864 24.741823 0.136 0.121 152.4 27.43 3.9694 -2.842 7.0467 14.43
PGC1724473 171.827964 25.067297 0.191 0.111 142.8 55.77 2.6055 -2.981 6.9315 19.91
PGC1758552 246.718438 25.997752 0.152 0.12 149.4 38.51 4.0543 -3.113 7.5122 6.47
PGC1785176 210.792248 26.689402 0.122 0.074 112.4 54.21 3.9743 -3.586 6.5285 20.12
PGC1795712 239.327362 27.026405 0.237 0.164 83.3 47.32 4.0679 -3.01 7.3209 18.61
PGC1798414 124.853542 27.123397 0.164 0.126 114.7 41.02 1.7027 -3.304 6.6912 21.06
PGC1811934 124.282094 27.568664 0.147 0.081 125.0 57.8 2.4615 -2.897 7.0463 17.56
PGC1812371 244.628092 27.583536 0.167 0.133 125.0 37.91 4.2103 -2.955 7.1788 16.36
PGC1871876 233.548531 29.609589 0.238 0.212 115.9 27.45 4.4447 -2.545 7.5155 18.15
PGC1874400 202.657575 29.683452 0.12 0.12 0.0 26.22 3.6518 -2.721 6.901 17.44
PGC1886977 201.383666 30.018636 0.131 0.09 143.3 47.74 4.0258 -3.507 6.8105 17.58
PGC1917813 228.578969 30.783012 0.104 0.104 0.0 18.44 3.8103 -3.157 6.6298 16.34
PGC1917922 248.515177 30.785878 0.17 0.17 0.0 12.45 2.8162 -3.376 6.7155 17.38
PGC1918395 165.764339 30.796074 0.15 0.128 19.6 46.02 4.6779 -2.752 6.71 15.17
PGC1923444 200.328318 30.913001 0.121 0.099 30.5 36.3 3.9745 -3.309 6.9309 16.96
PGC1932567 230.636293 31.119771 0.117 0.089 82.0 40.77 2.4261 -3.572 6.1107 10.86
PGC1955747 239.399518 31.615513 0.147 0.147 0.0 17.55 3.3776 -3.294 6.9612 17.52
PGC1963229 178.04922 31.764244 0.123 0.104 130.0 33.31 3.3243 -3.222 6.6386 15.84
PGC1992015 258.839625 32.3345 0.177 0.177 0.0 27.45 4.2545 -3.384 7.3541 15.17
PGC2017400 238.037171 32.921135 0.122 0.084 51.1 47.2 4.1138 -3.327 7.2106 16.99
PGC2031018 219.665895 33.391367 0.272 0.088 9.8 74.08 4.1584 -2.282 7.4328 14.53
PGC2036417 195.412557 33.652456 0.175 0.068 175.6 69.44 3.788 -3.189 6.7654 16.39
PGC2043954 218.736737 34.107977 0.167 0.095 117.3 56.53 3.549 -2.661 7.0213 22.01
PGC2056505 185.567756 34.911485 0.124 0.103 7.2 34.17 3.8851 -2.981 7.0282 22.0
PGC2140269 230.162225 38.948646 0.207 0.151 40.7 43.91 3.1408 -2.998 7.2414 19.66
PGC2185706 111.489454 41.718776 0.132 0.132 0.0 32.43 1.6414 -3.592 5.6424 13.51
PGC2228110 180.845563 43.744228 0.252 0.137 52.2 67.5 19.2334 -2.059 8.1017 8.54
PGC2230983 207.774911 43.864004 0.104 0.085 14.6 35.9 4.261 -3.332 6.9705 17.86
PGC2245249 212.711337 44.480518 0.112 0.112 0.0 20.52 3.8741 -2.858 6.7912 17.28
PGC2308426 184.38342 47.995202 0.275 0.2 177.4 48.87 14.885 -2.151 8.2157 16.22
PGC2314534 210.896199 48.301175 0.116 0.094 11.0 36.31 4.2483 -3.312 7.1691 24.85
PGC2327676 124.861293 48.870808 0.11 0.091 70.6 34.35 3.2752 -3.539 6.7843 18.13
PGC2330680 142.751967 48.993128 0.155 0.155 0.0 26.55 3.7298 -3.093 6.8583 26.65
PGC2333578 208.318813 49.103394 0.153 0.134 87.2 29.33 4.2372 -3.393 7.1353 23.64
PGC2349239 126.036111 49.648537 0.163 0.124 151.2 40.96 3.4633 -2.878 6.5334 19.02
PGC2356938 175.883522 49.904235 0.115 0.094 39.0 35.42 4.3341 -3.384 6.2127 22.7
PGC2364843 138.452554 50.164838 0.12 0.074 40.1 52.93 2.9943 -2.69 6.8532 28.06
PGC2374774 118.11951 50.499468 0.126 0.091 128.0 44.48 3.2031 -3.267 6.5356 28.54
PGC2397637 227.05132 51.65043 0.126 0.111 114.5 28.66 3.7564 -3.616 6.4581 26.8
PGC2425292 159.151153 52.850242 0.213 0.213 0.0 61.4 18.4007 -1.609 7.9723 28.43
PGC2426029 227.628905 52.877555 0.189 0.134 36.5 45.87 4.0769 -3.059 7.1404 30.86
PGC2469453 131.593755 54.432178 0.114 0.095 59.8 34.6 3.2828 -3.735 6.5837 31.48
PGC2481858 130.589112 54.8343 0.114 0.114 0.0 44.63 4.037 -3.488 6.3976 31.69
PGC2492054 180.458864 55.145057 0.312 0.253 99.9 52.98 19.3353 -1.672 8.2475 24.23
PGC2561873 173.850741 57.278799 0.171 0.13 121.5 41.47 3.9266 -3.408 6.9049 29.34
PGC2564600 232.082468 57.397704 0.198 0.085 93.6 66.81 4.2648 -3.104 6.9376 7.26
PGC2750394 257.987931 72.582013 0.315 0.158 74.5 68.76 18.7052 -1.487 8.5723 34.71
PGC2802329 321.915103 53.179257 0.034 0.034 0.0 "" 19.5299 -2.294 8.1327 27.82
PGC2816013 186.272527 61.153113 0.323 0.268 135.9 37.77 15.5318 -1.338 8.265 37.53
PGC3087333 196.382741 50.306711 0.238 0.201 151.9 32.86 3.7496 -3.444 7.3861 20.07
PGC3088580 339.243888 35.462745 0.267 0.165 45.0 "" 16.3376 -1.783 8.534 20.64
PGC3088794 233.355892 33.547402 0.187 0.141 18.4 41.56 4.1706 -2.905 7.0269 11.12
PGC3089529 239.033261 25.066269 0.191 0.191 0.0 21.22 4.2367 -2.621 7.5973 18.87
PGC3090074 161.511562 19.537723 0.243 0.159 103.8 90.0 20.2266 -2.022 8.2851 8.14
PGC3090530 210.790923 15.776173 0.224 0.087 126.0 69.4 3.777 -2.423 7.1698 17.8
PGC3290480 175.516948 -1.271903 0.133 0.082 172.1 53.32 1.8589 -3.656 5.6626 8.72
PGC3299616 199.064499 -0.954688 0.117 0.107 165.0 "" 2.0667 -3.855 6.7879 16.83
2MASXJ07383683+4557446 114.653347 45.962485 0.072 0.059 124.2 35.6 3.4097 -2.768 6.913 21.51
2MASXJ07551524+5059087 118.813875 50.985878 0.183 0.061 169.5 73.56 1.8446 -3.564 6.1954 26.87
2MASXJ08115779+1618298 122.990782 16.308259 0.244 0.213 103.3 29.99 1.3161 -3.464 6.3674 10.09
2MASXJ08244812+1847352 126.200475 18.793321 0.247 0.151 54.8 53.37 2.6257 -3.227 6.647 16.92
2MASXJ08291264+5429469 127.302474 54.496108 0.171 0.041 136.2 80.7 3.6645 -3.06 6.9836 28.93
2MASXJ08293978+4223525 127.415808 42.39804 0.094 0.069 152.2 43.45 2.5436 -3.443 6.3865 24.78
2MASXJ09013736+2223400 135.405527 22.394583 0.138 0.078 124.7 57.16 2.3914 -3.052 6.5404 19.35
2MASXJ09063513+5314170 136.646459 53.238051 0.149 0.149 0.0 25.16 2.8801 -3.389 6.4868 29.67
2MASXJ09194324+2704405 139.930086 27.077909 0.11 0.093 33.2 32.97 3.0386 -3.141 6.7079 19.46
2MASXJ10233975+6204124 155.915738 62.07013 0.079 0.079 0.0 16.71 4.2478 -3.547 7.0222 13.61
2MASXJ10283410+0301284 157.142127 3.024626 0.228 0.153 138.4 90.0 1.9365 -2.807 6.8089 17.65
2MASXJ10422184+4747254 160.59114 47.790189 0.113 0.063 63.1 57.16 3.7384 -2.961 6.9419 23.55
2MASXJ11535151-0223104 178.464768 -2.386236 0.074 0.059 54.8 38.01 1.5139 -3.607 6.124 16.62
2MASXJ12154983+2749367 183.95788 27.826819 0.294 0.213 79.3 44.48 3.7715 -3.194 7.5351 3.82
2MASXJ12573462+3213340 194.394334 32.226157 0.065 0.055 15.1 33.78 3.566 -3.242 6.7976 11.63
2MASXJ13185482+1045453 199.728371 10.762547 0.066 0.066 0.0 21.41 3.6165 -3.51 7.1111 12.02
2MASXJ13220220+0333178 200.509138 3.555054 0.101 0.091 2.8 26.06 2.6518 -3.635 6.7197 17.32
2MASXJ13265140+2728414 201.714196 27.478299 0.142 0.053 88.5 70.8 3.9729 -3.262 7.2336 14.98
2MASXJ13405082+2625119 205.211524 26.420045 0.097 0.097 0.0 22.78 3.6934 -3.443 7.0273 15.97
2MASXJ13535595+2633550 208.48329 26.565284 0.145 0.08 99.8 57.84 4.2471 -2.824 6.9683 6.65
2MASXJ14070567+2740511 211.773643 27.680947 0.14 0.071 127.1 61.14 3.5341 -3.429 7.1804 12.8
2MASXJ14084616+3831422 212.192488 38.528337 0.13 0.092 108.6 76.96 4.0255 -3.26 6.8976 22.41
2MASXJ14390055+2209230 219.75218 22.15647 0.109 0.09 132.7 35.56 4.3097 -3.123 6.8768 11.27
2MASXJ14590859+0311248 224.785933 3.190256 0.177 0.148 78.8 33.52 3.4463 -2.978 6.8345 11.34
2MASXJ15052513+3651563 226.35478 36.86586 0.191 0.144 174.0 41.87 4.1239 -3.722 7.2988 22.93
2MASXJ15361146+3314516 234.0477 33.247634 0.069 0.069 0.0 18.87 4.2999 -3.405 6.9441 17.74
2MASXJ15403221+2722258 235.134394 27.373941 0.114 0.081 165.3 45.35 3.8928 -3.072 6.9662 6.9
2MASXJ15442800-0157038 236.116641 -1.950967 0.127 0.066 34.2 60.16 3.1009 -3.358 6.9215 4.47
2MASXJ15485032+4358437 237.209843 43.978763 0.157 0.06 87.2 70.06 4.3468 -3.471 7.3787 24.66
2MASXJ15510211+4526016 237.758778 45.433799 0.139 0.09 74.2 90.0 4.4218 -3.433 7.034 24.13
2MASXJ15514624+2235027 237.942628 22.584159 0.11 0.051 124.3 64.14 4.1484 -2.822 7.2955 6.94
2MASXJ15554602+2039092 238.9417 20.65267 0.162 0.162 0.0 67.16 4.1027 -3.069 7.2027 19.84
2MASXJ16083670+0446485 242.153036 4.780267 0.252 0.096 150.8 69.87 3.6038 -2.693 7.069 14.37
2MASXJ16153083+2812428 243.878649 28.211921 0.157 0.1 131.8 51.89 4.1657 -3.067 7.0414 10.63
2MASXJ16290384+2805578 247.266079 28.09953 0.135 0.135 0.0 64.72 4.2227 -3.509 7.0947 3.71
2MASXJ16340492+2324399 248.520578 23.411082 0.242 0.242 0.0 21.61 3.5701 -3.062 6.9902 12.02
2MASXJ17183837+2912026 259.659967 29.200803 0.187 0.075 87.7 68.7 3.9889 -3.282 6.792 17.68
2MASXJ20505778+0047147 312.740808 0.787488 0.123 0.074 109.0 90.0 2.4464 -3.358 6.5804 7.39
2MASSJ17144582+5711308 258.690936 57.191878 0.034 0.034 0.0 "" 3.8724 -3.564 7.5343 30.45
6dFJ0243580-091424 40.991646 -9.240039 0.074 0.05 57.0 "" 8.7281 -2.331 7.0928 19.0
SDSSJ072547.14+403249.5 111.446454 40.547144 0.147 0.082 46.6 57.78 3.1319 -3.494 6.2467 11.22
SDSSJ075537.83+111848.1 118.90773 11.31332 0.195 0.055 25.6 77.09 1.4423 -3.729 5.9188 18.27
SDSSJ081526.29+295659.0 123.859518 29.94975 0.189 0.059 47.8 74.74 2.6656 -3.322 6.0858 17.14
SDSSJ083741.39+273221.5 129.422502 27.53941 0.116 0.088 144.9 41.03 2.6761 -3.627 6.0677 17.71
SDSSJ085226.81+142502.8 133.111845 14.417507 0.11 0.073 97.8 49.13 1.5669 -4.187 5.71 13.43
SDSSJ085436.69+180552.9 133.652986 18.098028 0.099 0.099 0.0 19.79 1.666 -3.705 5.6105 16.06
SDSSJ085446.95+300333.0 133.695762 30.059218 0.145 0.094 112.4 50.6 2.6313 -3.501 5.8603 17.81
SDSSJ090417.97+043227.3 136.074723 4.540923 0.106 0.076 93.2 45.39 1.2842 -4.123 6.1776 13.92
SDSSJ092958.79+490213.5 142.495081 49.037153 0.158 0.139 42.9 28.92 3.8638 -3.002 6.3463 26.74
SDSSJ094604.42+021952.0 146.518485 2.331194 0.124 0.09 120.4 69.17 1.3605 -4.174 5.7057 14.65
SDSSJ095129.49+053554.3 147.872948 5.598477 0.189 0.09 129.6 63.33 2.2667 -3.386 6.011 11.79
SDSSJ100149.80+032816.6 150.457674 3.471414 0.087 0.051 44.5 55.09 2.5834 -3.258 6.2113 15.01
SDSSJ101003.09+503959.8 152.512887 50.666541 0.153 0.122 149.7 37.99 1.6876 -3.853 5.3318 22.72
SDSSJ101220.20+265243.8 153.084371 26.878925 0.122 0.085 86.5 47.08 3.39 -3.514 6.5439 9.3
SDSSJ101742.38+513629.5 154.426663 51.60816 0.091 0.069 23.8 41.73 3.8971 -3.104 6.8667 17.73
SDSSJ102137.94+333645.3 155.408226 33.612683 0.116 0.061 96.4 60.02 3.1561 -3.34 6.793 14.66
SDSSJ103431.09+253547.4 158.629432 25.59645 0.145 0.072 97.4 61.92 2.913 -3.568 6.3304 13.26
SDSSJ103617.97+450402.7 159.074921 45.067391 0.143 0.106 49.3 43.02 3.4083 -3.226 6.6652 21.82
SDSSJ103707.65+464228.1 159.282018 46.707866 0.121 0.072 30.5 54.8 2.6457 -3.423 5.6634 26.09
SDSSJ105131.18+170640.1 162.8799 17.111169 0.112 0.071 42.3 51.89 2.42 -3.912 6.6939 19.11
SDSSJ112136.91+403040.6 170.403926 40.511304 0.099 0.072 137.8 44.11 4.1123 -3.396 6.2353 22.59
SDSSJ112354.76+352136.2 170.978358 35.36014 0.107 0.065 12.5 53.33 3.6679 -3.308 6.7207 21.66
SDSSJ112843.27+131145.6 172.180432 13.196157 0.103 0.065 79.2 52.22 3.8054 -3.522 6.5386 10.0
SDSSJ113143.27+400453.6 172.930167 40.081541 0.103 0.072 41.0 46.11 3.8326 -3.413 6.6446 23.74
SDSSJ113255.39+301141.9 173.230797 30.194952 0.109 0.067 162.3 53.73 3.5953 -3.572 6.5059 11.15
SDSSJ113624.49+125417.4 174.102245 12.904989 0.145 0.131 38.9 26.21 3.2678 -2.963 6.4913 18.61
SDSSJ115312.49+620936.5 178.301915 62.160248 0.094 0.069 39.3 43.2 2.7298 -3.804 5.9216 6.76
SDSSJ115459.78+455806.3 178.749042 45.968499 0.229 0.19 80.0 34.5 4.3398 -3.317 6.0992 25.23
SDSSJ115938.49+383241.1 179.91047 38.544782 0.153 0.108 70.6 46.27 3.947 -3.494 6.8803 22.57
SDSSJ121709.66+294031.2 184.290462 29.675434 0.128 0.064 20.8 61.81 3.7345 -2.67 6.7448 17.63
SDSSJ122607.93+590604.7 186.533202 59.101444 0.086 0.07 19.3 36.35 4.3683 -3.455 6.7914 33.29
SDSSJ122706.26+634542.8 186.776068 63.761859 0.138 0.054 120.2 68.97 3.4004 -3.135 6.4521 9.02
SDSSJ122810.45+292156.1 187.043479 29.365572 0.085 0.064 56.2 41.61 2.1684 -3.849 5.8025 11.58
SDSSJ125536.37+280413.1 193.90144 28.070343 0.135 0.081 162.7 54.59 4.4793 -3.095 6.2765 15.63
SDSSJ125958.83+680331.0 194.995114 68.058683 0.163 0.123 51.6 43.53 4.5301 -2.864 6.9259 39.21
SDSSJ132014.29+675153.2 200.059704 67.86482 0.214 0.092 115.7 66.72 4.2 -3.081 6.5049 40.12
SDSSJ132427.69+420625.2 201.115399 42.107155 0.183 0.139 1.0 41.36 3.6026 -3.146 6.9474 21.55
SDSSJ132510.66+602557.8 201.294308 60.432651 0.119 0.106 26.6 27.46 4.2144 -3.122 7.5195 29.35
SDSSJ133405.86+341118.0 203.524503 34.188468 0.098 0.067 109.5 48.26 3.8262 -3.421 6.9949 19.48
SDSSJ134434.52+250954.2 206.143797 25.165112 0.155 0.076 134.7 62.31 3.9112 -2.919 6.5555 14.04
SDSSJ135544.14+581618.6 208.934073 58.271816 0.119 0.119 0.0 24.89 4.0937 -3.295 6.6196 28.8
SDSSJ140859.18+485204.5 212.246522 48.867939 0.092 0.054 107.9 55.94 3.5685 -3.242 6.305 6.54
SDSSJ141446.78+522545.0 213.694935 52.429287 0.094 0.073 90.4 39.98 3.2108 -3.615 6.0534 26.38
SDSSJ141757.78+092258.9 214.490825 9.383096 0.15 0.068 3.1 64.94 2.6401 -3.294 6.2529 18.54
SDSSJ142325.21+363212.9 215.85521 36.537054 0.13 0.064 97.5 62.19 4.125 -3.136 6.3937 22.15
SDSSJ142407.06+261229.2 216.029466 26.208219 0.1 0.077 146.7 40.56 3.204 -3.723 6.7185 17.66
SDSSJ142626.12+351922.3 216.608779 35.322809 0.091 0.08 7.5 28.88 3.7447 -3.154 6.7164 22.16
SDSSJ142801.28+273207.7 217.005219 27.53557 0.131 0.084 168.6 51.53 2.0496 -3.73 5.5731 17.48
SDSSJ143439.55+121154.5 218.664723 12.198444 0.1 0.049 58.8 62.69 3.5288 -3.478 6.5384 8.55
SDSSJ143716.49+392356.5 219.318606 39.39896 0.111 0.06 91.3 58.86 4.2885 -3.283 6.8737 14.89
SDSSJ143725.39+033938.6 219.355863 3.660769 0.086 0.065 14.8 41.12 3.5997 -3.561 6.3115 16.63
SDSSJ143854.60+114249.0 219.7275 11.713628 0.114 0.065 69.6 56.56 3.7609 -3.171 6.5015 10.27
SDSSJ144355.90+440353.8 220.983007 44.065034 0.093 0.058 93.0 52.1 4.1135 -3.352 6.4804 19.58
SDSSJ144628.97+025752.6 221.620898 2.964715 0.105 0.059 110.2 57.28 3.2536 -3.329 6.478 17.38
SDSSJ144802.13+450659.9 222.009015 45.116672 0.088 0.064 108.6 43.99 4.2753 -3.067 7.0363 25.89
SDSSJ144826.57+040433.9 222.110733 4.076116 0.142 0.087 175.7 53.6 3.3137 -3.549 6.1945 17.38
SDSSJ145035.21+342902.1 222.646786 34.483922 0.137 0.076 165.7 58.0 4.2698 -3.231 6.7361 22.14
SDSSJ145047.69+405633.1 222.69883 40.942488 0.087 0.072 95.2 34.57 3.9298 -3.792 6.6615 17.69
SDSSJ145430.96-014412.1 223.62912 -1.736714 0.088 0.066 107.5 41.73 2.1021 -3.104 6.4153 18.21
SDSSJ151135.49+373126.6 227.898209 37.52405 0.096 0.079 82.3 35.02 3.1996 -2.939 6.3095 8.0
SDSSJ151827.84+075315.1 229.61618 7.88753 0.228 0.228 0.0 23.93 3.3234 -3.016 7.0133 18.3
SDSSJ152154.71+085442.3 230.478151 8.911753 0.165 0.165 0.0 24.08 3.6559 -3.627 6.9056 18.25
SDSSJ152917.62-001832.6 232.323285 -0.309128 0.108 0.062 56.0 55.97 3.7423 -3.228 6.493 13.03
SDSSJ153701.48+254847.2 234.25619 25.813059 0.174 0.106 104.6 53.58 3.1971 -3.311 6.3402 20.1
SDSSJ154451.64+235935.9 236.215255 23.993336 0.089 0.059 51.5 49.54 3.7756 -3.448 6.3567 10.72
SDSSJ154457.67+214315.8 236.240184 21.72119 0.097 0.06 79.2 53.29 3.9923 -3.563 6.3032 6.17
SDSSJ154549.53+075950.6 236.456306 7.997482 0.085 0.064 48.6 42.46 3.4008 -3.532 6.8864 12.64
SDSSJ155511.62+063557.9 238.798428 6.599546 0.137 0.06 104.5 65.93 3.3656 -3.241 6.3072 7.71
SDSSJ155728.58+321252.5 239.369007 32.214699 0.22 0.103 98.4 63.87 4.0528 -3.685 7.2393 1.87
SDSSJ155822.47+363558.5 239.593691 36.599586 0.18 0.133 4.3 67.14 4.4871 -3.001 7.1786 13.29
SDSSJ160254.79+354620.9 240.728312 35.772403 0.13 0.087 20.1 49.05 4.1888 -2.968 7.1023 17.79
SDSSJ160922.21+072408.4 242.342717 7.402375 0.106 0.057 92.1 58.85 3.9128 -2.83 6.5994 16.95
SDSSJ161005.46+194620.9 242.522749 19.772495 0.097 0.065 160.9 48.77 3.8153 -3.529 5.9813 19.67
SDSSJ161751.86+440916.2 244.46601 44.154474 0.088 0.074 103.0 33.01 3.4742 -3.453 6.2835 2.85
SDSSJ162631.40+314439.2 246.630852 31.744479 0.095 0.095 0.0 17.44 3.8911 -3.497 7.3378 13.23
SDSSJ162800.10+234618.7 247.00036 23.771759 0.099 0.057 130.3 56.22 2.6903 -3.638 5.8807 18.66
SDSSJ163123.27+452024.3 247.8471 45.340063 0.116 0.06 178.4 60.62 3.8588 -3.438 6.2592 12.04
SDSSJ163129.05+203738.8 247.871127 20.627539 0.093 0.06 62.1 50.6 3.7521 -3.624 6.574 19.77
SDSSJ163244.45+204903.2 248.185326 20.817587 0.096 0.081 96.1 33.54 3.951 -3.181 6.145 6.93
SDSSJ163535.84+300746.7 248.89947 30.12955 0.114 0.102 63.7 27.79 3.8097 -3.217 6.8996 11.01
SDSSJ164105.80+280509.1 250.27425 28.085772 0.147 0.087 120.3 54.78 3.8126 -3.039 6.3913 5.83
SDSSJ165143.90+360951.3 252.932919 36.16425 0.105 0.072 33.3 47.77 1.6858 -3.656 5.4732 16.65
SDSSJ171001.82+603514.8 257.507694 60.587415 0.115 0.093 104.1 36.76 3.9903 -3.837 6.706 34.98
SDSSJ172348.99+272730.7 260.954172 27.458676 0.099 0.099 0.0 16.23 4.2541 -3.649 6.768 17.87
SDSSJ172513.33+622913.5 261.305566 62.487131 0.118 0.077 84.6 50.19 4.4758 -3.379 6.7269 20.67
SDSSJ211605.42-062156.0 319.022449 -6.365624 0.095 0.046 110.2 62.54 2.6575 -3.735 6.0353 18.34
SDSSJ085449.69+180323.3 133.706973 18.05644 0.096 0.068 52.7 45.56 1.411 -3.621 5.5957 18.23
SDSSJ110341.25+154636.7 165.922069 15.77683 0.194 0.151 54.6 39.54 2.789 -3.024 6.1241 18.11
SDSSJ165117.15+231820.1 252.821586 23.305485 0.106 0.054 37.5 61.41 4.1799 -2.92 7.0434 19.87
SDSSJ162612.89+380518.2 246.55392 38.088308 0.083 0.057 156.6 47.76 4.259 -3.598 7.2322 22.69
SDSSJ092104.78+382717.6 140.26985 38.454977 0.097 0.081 86.2 33.51 2.946 -3.711 6.271 22.91
SDSSJ144317.13+291403.2 220.821537 29.234111 0.083 0.065 175.7 39.3 3.7497 -3.27 6.835 17.98
SDSSJ082140.85+562901.1 125.420329 56.483728 0.08 0.063 74.3 38.67 3.0699 -3.625 6.0884 23.8
SDSSJ095520.33+270906.2 148.834815 27.151797 0.07 0.058 129.8 34.12 2.4269 -3.546 6.2091 20.44
SDSSJ163526.20+152140.9 248.859354 15.3614 0.08 0.059 36.9 43.47 3.1982 -3.644 6.2472 9.13
SDSSJ162859.02+143211.9 247.245772 14.536633 0.08 0.08 0.0 17.59 2.7103 -3.417 6.0989 6.2
SDSSJ123720.94+152219.9 189.337333 15.372354 0.06 0.053 6.9 28.35 3.1053 -3.421 6.1269 15.36
SDSSJ160004.29+422112.9 240.018013 42.353677 0.082 0.066 131.5 37.22 3.8774 -3.601 6.6453 24.42
SDSSJ115147.15+574908.2 177.946652 57.818922 0.077 0.077 0.0 22.82 3.0504 -3.759 6.2488 5.06
SDSSJ121912.21+404835.8 184.800947 40.810077 0.127 0.064 139.7 61.64 3.7648 -2.954 7.1195 22.26
SDSSJ135713.42+343909.8 209.306107 34.652661 0.081 0.06 133.5 43.08 3.3828 -3.683 6.3261 11.54
SDSSJ150246.85+335918.2 225.695305 33.988366 0.067 0.055 178.7 35.54 4.2336 -3.546 7.0526 17.47
SDSSJ084333.19+243357.6 130.888157 24.566129 0.081 0.068 113.9 34.15 2.0178 -3.879 5.7227 20.05
SDSSJ084008.34+490337.9 130.03488 49.060706 0.065 0.056 25.6 32.3 3.2448 -3.721 6.39 25.06
SDSSJ100939.20+391319.8 152.413447 39.222254 0.086 0.073 52.0 32.87 3.1488 -2.881 6.2304 21.81
SDSSJ083623.73+142347.4 129.098772 14.396628 0.103 0.069 129.3 49.27 1.5674 -3.853 5.6255 15.25
SDSSJ102146.92+200751.6 155.445555 20.131167 0.072 0.063 125.3 29.22 2.7652 -3.707 6.2396 13.81
SDSSJ085551.01+131043.8 133.962744 13.178835 0.153 0.129 98.8 33.34 1.5815 -4.143 5.8865 12.18
SDSSJ080627.57+441832.1 121.615087 44.308984 0.075 0.075 0.0 25.5 3.3359 -3.583 6.5821 25.63
SDSSJ155630.36+061834.7 239.126637 6.309794 0.068 0.058 94.2 30.79 2.9832 -3.393 6.0057 18.17
SDSSJ033027.28-055702.9 52.613601 -5.950898 0.074 0.062 92.5 34.13 0.8886 -4.263 5.0755 7.99
SDSSJ082539.46+494127.4 126.414416 49.691026 0.081 0.081 0.0 14.36 2.8644 -3.814 6.2982 25.49
SDSSJ171144.82+614550.3 257.936838 61.764047 0.071 0.058 132.9 35.64 4.5107 -3.734 6.5919 34.64
SDSSJ153254.71+080128.2 233.227877 8.02443 0.071 0.053 130.8 42.39 3.2881 -3.604 6.3315 10.89
SDSSJ143838.40+131355.2 219.659931 13.23204 0.068 0.055 34.8 35.77 3.3183 -3.418 6.4477 15.68
SDSSJ144628.00+334611.7 221.616782 33.769973 0.075 0.066 55.5 30.01 4.1633 -3.316 6.1355 15.82
SDSSJ152727.52-005302.3 231.86463 -0.883938 0.076 0.065 159.0 31.95 2.5264 -3.961 6.0513 10.96
SDSSJ150601.92-014435.3 226.508196 -1.74298 0.063 0.063 0.0 23.21 4.4353 -3.4 6.5991 18.36
SDSSJ214427.79+004022.5 326.115914 0.672989 0.079 0.051 45.9 50.82 1.0847 -4.332 5.5467 15.28
SDSSJ140537.88+110603.6 211.408046 11.101136 0.081 0.068 136.4 33.93 3.4245 -3.749 6.2214 6.52
SDSSJ125711.90+514038.3 194.299553 51.67725 0.083 0.072 59.1 30.37 4.2927 -3.176 6.4018 25.98
SDSSJ104549.66+493344.9 161.457011 49.562588 0.08 0.06 99.7 42.21 3.6735 -3.283 6.8848 11.53
SDSSJ143055.25+462152.4 217.73028 46.364515 0.072 0.065 178.1 27.05 3.2976 -3.028 6.586 23.88
SDSSJ162654.95+310420.9 246.729156 31.072592 0.068 0.068 0.0 18.37 4.006 -3.515 6.2954 8.35
SDSSJ141504.46+500848.4 213.768672 50.146962 0.058 0.037 162.7 52.38 4.166 -3.356 6.566 27.59
SDSSJ140510.89+524833.1 211.295411 52.809301 0.11 0.11 0.0 17.44 4.1018 -3.285 7.1376 25.0
SDSSJ143306.25+301123.9 218.276019 30.189755 0.078 0.07 11.4 26.2 3.8765 -3.496 7.2947 8.14
SDSSJ100734.38+120428.8 151.893461 12.074717 0.147 0.113 2.8 40.52 1.9521 -3.891 5.7053 8.64
SDSSJ153231.38+393613.6 233.130713 39.603827 0.076 0.076 0.0 24.81 4.2231 -3.696 6.7884 23.09
SDSSJ152337.65+223122.2 230.906979 22.522923 0.117 0.082 72.5 46.38 4.0121 -3.444 7.0631 16.9
SDSSJ160737.31+180000.5 241.905474 18.000245 0.107 0.068 115.2 51.83 3.62 -2.971 6.2623 19.13
SDSSJ113753.88+365405.4 174.474577 36.901503 0.093 0.052 109.9 57.7 3.5356 -3.347 6.8433 22.39
SDSSJ155247.07+351807.4 238.196174 35.302098 0.049 0.049 0.0 66.09 3.9038 -3.449 6.1843 22.24
SDSSJ124210.99+332124.5 190.545867 33.356982 0.092 0.064 154.3 46.42 3.6085 -3.602 6.6624 17.18
SDSSJ095342.62+563027.3 148.427447 56.507635 0.081 0.069 105.0 31.17 3.5942 -3.387 6.4318 24.97
SDSSJ211025.92-072146.6 317.608027 -7.362986 0.074 0.074 0.0 39.97 1.4265 -4.16 5.4584 5.9
SDSSJ143754.99+014736.9 219.479118 1.793592 0.066 0.066 0.0 10.58 3.7227 -3.373 6.5446 16.34
SDSSJ145138.81+104939.5 222.912069 10.827666 0.168 0.069 101.6 68.04 3.0401 -3.464 7.137 17.7
SDSSJ135643.18-014209.6 209.179854 -1.702665 0.058 0.047 37.4 36.14 2.449 -3.853 6.2491 18.29
SDSSJ075723.33+305915.9 119.347259 30.987775 0.179 0.076 129.4 66.83 1.9243 -3.98 5.7302 4.98
SDSSJ163521.85+304343.6 248.841018 30.728738 0.177 0.071 98.9 68.36 4.1846 -3.304 6.5251 15.44
SDSSJ160030.78+062556.8 240.128348 6.432592 0.126 0.103 158.0 "" 3.2604 -3.487 6.3601 11.57
SDSSJ160800.41+200541.0 242.001611 20.094846 0.138 0.138 0.0 24.6 3.754 -2.772 6.4687 15.01
SDSSJ100333.46+112946.8 150.889603 11.49652 0.094 0.056 158.7 54.31 2.1285 -3.646 6.0063 16.71
SDSSJ103848.06+142045.7 159.70014 14.346203 0.172 0.116 178.4 48.5 2.1242 -3.694 6.4516 18.62
SDSSJ121735.59+362217.6 184.398507 36.371591 0.24 0.088 20.4 70.9 3.7126 -2.832 7.3769 9.31
SDSSJ161653.31+151646.8 244.222185 15.279669 0.18 0.123 82.7 47.89 2.7588 -3.121 6.9195 17.32
SDSSJ095523.59+342202.2 148.848297 34.367357 0.166 0.139 117.8 33.7 3.3674 -2.978 7.3034 11.52
SDSSJ143902.72+240707.1 219.761533 24.118815 0.139 0.088 114.9 51.98 4.054 -3.336 6.7349 19.5
SDSSJ170006.57+222454.0 255.027348 22.414947 0.079 0.059 72.0 42.33 4.1657 -3.395 6.7688 20.08
SDSSJ155739.47+340037.3 239.414483 34.010468 0.127 0.127 0.0 13.54 3.8872 -3.26 6.3147 20.48
SDSSJ095746.65+291337.5 149.444368 29.227077 0.151 0.05 96.9 73.62 2.5741 -3.704 5.8814 17.77
SDSSJ145219.18+404415.2 223.080084 40.737632 0.113 0.086 153.2 41.9 3.3843 -3.612 6.5732 18.85
SDSSJ095153.34+330012.9 147.972296 33.003632 0.12 0.106 124.4 28.79 3.0855 -3.135 6.535 13.64
SDSSJ093741.13+204218.0 144.421481 20.7052 0.07 0.07 0.0 25.44 1.7711 -3.854 5.7827 19.5
SDSSJ115130.69+110339.9 177.878028 11.0611 0.085 0.066 102.9 40.05 1.7025 -3.664 5.7402 13.77
SDSSJ075833.55+391315.0 119.639755 39.220813 0.087 0.055 169.5 51.64 2.2256 -3.741 5.8979 23.69
SDSSJ163759.08+444436.9 249.496472 44.743621 0.091 0.081 80.9 27.32 4.5908 -3.134 6.8827 25.04
SDSSJ074045.95+375407.5 115.191717 37.901999 0.062 0.05 34.2 36.58 2.9495 -3.627 6.9107 11.6
SDSSJ131522.44+461604.2 198.843471 46.267886 0.16 0.138 44.7 30.81 4.0803 -3.341 6.9829 25.13
SDSSJ112342.61+551941.1 170.927717 55.328268 0.142 0.121 141.5 32.18 3.8617 -3.052 6.2311 27.28
SDSSJ111731.73+413226.9 169.382357 41.540964 0.119 0.079 175.2 49.41 3.7889 -3.368 5.8981 18.16
SDSSJ093940.52+343252.4 144.919137 34.548039 0.063 0.047 100.9 42.92 3.2111 -3.098 6.3293 21.11
SDSSJ130923.79+112210.0 197.349116 11.369452 0.067 0.041 21.1 52.79 2.5636 -3.816 6.3265 18.03
SDSSJ100428.14+373215.8 151.117272 37.537764 0.145 0.127 55.4 29.12 3.1118 -2.991 7.3904 2.63
SDSSJ144452.42+061259.9 221.218472 6.216599 0.064 0.064 0.0 24.54 3.1059 -3.75 6.589 17.5
SDSSJ151806.55+504910.0 229.527351 50.819523 0.067 0.067 0.0 51.94 4.5821 -3.698 7.0111 19.6
SDSSJ154850.72+195048.4 237.211229 19.846771 0.086 0.086 0.0 27.79 3.5694 -3.415 6.3108 18.11
SDSSJ102953.53+103212.5 157.473093 10.536868 0.073 0.073 0.0 33.09 1.8765 -3.575 6.3472 15.61
SDSSJ083043.20+311126.4 127.680106 31.190689 0.126 0.126 0.0 50.96 2.7372 -3.478 6.3513 16.74
SDSSJ152846.97+413425.9 232.19571 41.57386 0.07 0.07 0.0 29.31 4.2254 -3.128 6.3792 23.72
SDSSJ155338.32+284558.6 238.409746 28.76623 0.055 0.037 120.0 "" 4.2047 -3.174 6.7365 18.02
SDSSJ075055.91+410505.6 117.732963 41.084841 0.088 0.068 99.9 40.28 2.6673 -3.856 7.0707 17.21
SDSSJ075906.01+123859.6 119.775117 12.649925 0.083 0.072 106.9 30.34 1.3581 -4.063 6.3624 8.75
SDSSJ153401.72+035505.9 233.507258 3.918256 0.079 0.064 103.2 36.5 3.5487 -3.118 6.3178 9.4
SDSSJ232138.68-093230.2 350.41141 -9.541899 0.083 0.057 125.3 47.13 1.4375 -3.956 6.068 8.64
SDSSJ013957.75-084355.4 24.990692 -8.732056 0.073 0.073 0.0 7.01 1.0551 -4.257 6.7514 13.89
SDSSJ145920.58+321929.3 224.835834 32.324838 0.084 0.084 0.0 12.79 4.2578 -3.308 7.9428 7.03
SDSSJ092404.01+091129.9 141.01659 9.191624 0.061 0.044 118.7 45.07 1.4756 -4.314 6.2489 2.45
SDSSJ095049.05+191635.5 147.704319 19.276482 0.062 0.054 45.6 30.14 2.3218 -3.894 6.5795 16.89
SDSSJ093621.84+455240.9 144.091032 45.877989 0.074 0.054 148.3 44.13 3.5645 -3.65 6.9229 25.35
SDSSJ105040.48+575750.2 162.668784 57.964101 0.062 0.049 121.6 38.22 4.1311 -3.444 7.6173 34.23
SDSSJ082020.17+031241.6 125.084181 3.211603 0.044 0.044 0.0 "" 1.1449 -4.251 5.6794 7.27
SDSSJ145157.55+303558.1 222.989868 30.5996 0.031 0.031 0.0 "" 4.283 -3.38 7.4341 7.48
SDSSJ160357.35+074822.9 240.988873 7.806375 0.068 0.059 150.8 30.48 3.7376 -3.395 7.7717 18.44
SDSSJ141649.75+360010.0 214.207336 36.002757 0.073 0.073 0.0 24.44 4.2204 -3.243 7.7599 17.58
SDSSJ134550.38+141102.3 206.459848 14.183936 0.078 0.078 0.0 15.7 3.592 -3.263 6.6227 14.71
SDSSJ113543.63+501200.6 173.931871 50.200135 0.079 0.06 141.1 41.42 4.252 -2.806 7.0088 28.09
SDSSJ163204.88+210238.4 248.020487 21.044058 0.075 0.057 131.1 42.14 4.1786 -3.445 6.8133 19.28
SDSSJ204644.30-001411.2 311.684483 -0.236607 0.059 0.059 0.0 24.27 2.9644 -3.575 6.0357 8.74
SDSSJ092814.58+084251.7 142.060726 8.714553 0.153 0.127 178.2 34.52 2.2569 -3.664 6.4015 9.76
SDSSJ100323.78+262553.0 150.84914 26.431404 0.069 0.052 121.1 41.74 3.0196 -3.486 6.3268 13.76
SDSSJ122158.28+331537.9 185.492868 33.260628 0.151 0.062 88.0 67.85 3.6419 -3.573 6.5579 16.73
[RGD2002]J162630.43+350020.4 246.626795 35.005806 0.04 0.04 0.0 "" 4.3504 -3.14 7.7419 11.28
SDSSJ081747.20+090013.5 124.446689 9.003753 0.091 0.091 0.0 "" 16.6943 -1.944 7.5952 14.68
SDSSJ043826.21+243855.4 69.609241 24.64873 0.149 0.104 70.0 "" 15.0506 -1.852 8.1023 5.19
SDSSJ043820.77+250309.7 69.586579 25.052722 0.204 0.09 150.0 "" 8.8913 -2.012 7.9563 10.41
SDSSJ044056.19+243750.2 70.234161 24.630629 0.149 0.084 60.0 "" 15.4281 -1.874 8.2358 10.46
SDSSJ044253.32+245853.2 70.722177 24.981465 0.184 0.107 165.0 "" 16.5224 -1.379 8.4954 18.42
GAMA623924 140.969889 0.679741 0.038 0.038 0.0 "" 1.1567 -4.17 5.9311 17.22
GAMA322999 129.811041 1.468508 0.095 0.095 0.0 "" 3.1914 -3.368 6.4744 11.88
GAMA209170 132.16991 0.108358 0.113 0.113 56.0 "" 1.276 -3.905 6.2845 18.36
GAMA031646 180.676331 -1.098942 0.033 0.033 0.0 "" 2.8061 -3.362 6.5251 17.85
GAMA031663 180.84535 -1.074709 0.032 0.032 0.0 "" 0.9533 -4.441 6.4681 18.19
GAMA016679 219.718868 0.832879 0.068 0.01 95.0 "" 2.9442 -3.508 6.5014 15.88
GAMA185516 180.599451 -1.572253 0.127 0.025 81.0 "" 4.3976 -3.139 6.459 17.14
GAMA196100 129.330289 -0.706798 0.049 0.049 0.0 "" 1.0808 -4.253 5.341 7.35
GAMA205033 140.495142 -0.226102 0.054 0.021 52.0 "" 1.0483 -4.428 5.5073 3.58
GAMA278586 132.587363 0.857911 0.042 0.042 0.0 "" 1.2392 -3.943 5.5636 14.04
GAMA526766 134.189527 -0.924682 0.053 0.029 107.0 "" 1.0217 -4.446 5.3583 14.42
GAMA550680 136.853001 -0.582989 0.081 0.039 12.0 "" 1.3709 -3.864 5.7119 16.23
GAMA210294 137.626469 0.056549 0.039 0.039 0.0 "" 1.1819 -4.194 5.5016 17.54
GAMA599367 131.305432 0.257762 0.03 0.03 0.0 "" 1.2864 -3.641 5.4348 15.04
SDSSJ090150.64+562024.0 135.46101 56.34 0.079 0.035 160.0 "" 3.5422 -3.295 6.6166 31.58
SDSSJ003146.41+001859.5 7.943408 0.316532 0.304 0.189 14.0 "" 1.4724 -4.258 6.816 7.87
